#OTUId	31.188.9	54.194.10	13.194.5	64.194.12	39.187.9	65.195.12	25.187.7	18.189.7	19.190.7	12.192.5	3.189.5	7.213.5	1.186.5	47.189.10	51.213.10	23.218.7	55.195.10	34.193.9	15.196.5	22.213.7	63.192.12	14.195.5	30.186.9	35.203.9	6.203.5	36.213.9	8.218.5	57.193.12	46.188.10	16.186.7	4.190.5	66.196.12	50.203.10	44.196.9	10.187.5	21.203.7	38.185.9	61.185.12	58.203.12	29.196.7	9.185.5	11.191.5	56.188.12	43.195.9	45.186.10	5.193.5	24.185.7	52.218.10	37.218.9	48.190.10	41.192.9	40.191.9	28.195.7	17.188.7	2.188.5	53.191.10	62.191.12	59.213.12	32.189.9	42.194.9	49.193.10	33.190.9	20.193.7	27.192.7	60.218.12	taxonomy
OTU_1	409	418	228	376	625	571	263	582	738	526	414	255	648	800	256	128	415	447	901	417	349	632	902	412	505	787	568	373	96	1079	528	668	7	188	550	40	334	374	3	185	204	284	785	556	934	0	286	490	300	1112	369	671	169	518	978	520	464	149	577	541	309	1690	34	167	909	Bacteria;Bacteroidetes;Bacteroidia;Bacteroidales;Rikenellaceae;Alistipes;
OTU_5	613	83	80	18	418	227	291	328	73	169	413	583	244	79	410	104	148	135	190	222	21	222	12	222	159	326	398	321	80	234	419	97	181	170	184	177	158	250	366	210	243	266	84	77	156	225	185	209	324	44	98	240	239	143	244	261	265	378	184	75	432	53	106	214	453	Bacteria;Bacteroidetes;Bacteroidia;Bacteroidales;Porphyromonadaceae;;
OTU_4	363	22	101	153	111	96	151	201	71	683	128	1233	176	505	1364	38	37	436	311	344	14	240	358	242	276	732	161	715	35	35	74	350	60	200	45	283	67	17	127	25	287	211	68	56	433	118	477	513	723	358	63	39	28	545	40	71	132	815	349	13	715	154	160	60	416	Bacteria;Firmicutes;Bacilli;Lactobacillales;Lactobacillaceae;Lactobacillus;
OTU_2	436	187	186	108	246	108	126	443	803	396	348	307	252	604	201	385	263	826	556	725	115	393	531	1025	742	283	367	406	78	914	426	367	621	123	258	142	142	119	715	129	49	86	485	410	639	367	290	379	224	585	133	123	103	405	523	96	106	46	403	193	500	696	70	103	394	Bacteria;Bacteroidetes;Bacteroidia;Bacteroidales;Rikenellaceae;Alistipes;
OTU_41	188	51	26	72	115	88	118	65	29	71	83	144	56	74	79	35	52	187	74	44	23	40	73	69	14	55	67	60	15	49	56	52	13	143	27	179	79	86	44	80	68	67	23	88	31	124	74	31	28	57	24	65	64	30	21	53	77	184	78	40	146	45	96	69	83	Bacteria;Proteobacteria;Betaproteobacteria;Burkholderiales;Sutterellaceae;Parasutterella;
OTU_31	625	2	37	49	1	19	65	190	109	3	441	251	1	426	739	17	9	182	38	45	0	11	209	52	24	128	205	261	42	146	888	35	96	11	23	163	0	0	122	17	25	26	151	3	244	315	521	247	741	246	0	18	16	747	233	30	47	559	252	3	525	151	92	0	175	Bacteria;Firmicutes;Bacilli;Lactobacillales;Lactobacillaceae;Lactobacillus;
OTU_39	451	2	14	40	0	4	38	96	56	2	274	396	3	252	508	17	11	184	25	10	0	8	98	21	14	202	232	247	40	43	584	32	15	18	7	151	0	0	26	4	7	3	55	8	80	279	327	195	311	257	0	5	6	419	159	10	23	343	93	2	275	135	128	0	89	Bacteria;Firmicutes;Bacilli;Lactobacillales;Lactobacillaceae;Lactobacillus;
OTU_23	72	27	26	43	19	54	30	21	96	63	58	46	22	50	15	0	22	103	63	139	37	42	110	137	160	90	108	84	17	39	130	61	105	41	49	1	16	29	135	47	51	38	84	58	178	13	66	90	98	132	9	88	78	72	138	55	37	52	100	43	95	187	2	19	218	Bacteria;Bacteroidetes;Bacteroidia;Bacteroidales;Porphyromonadaceae;Odoribacter;
OTU_9	109	126	55	54	169	88	50	75	175	83	78	256	122	103	74	202	62	407	258	156	65	123	195	70	119	105	113	102	33	270	153	241	131	45	130	46	84	46	119	91	28	35	137	100	110	261	99	134	131	359	138	177	143	121	193	67	55	51	105	116	47	474	32	103	257	Bacteria;Bacteroidetes;Bacteroidia;Bacteroidales;Porphyromonadaceae;Odoribacter;
OTU_20	203	58	60	110	242	131	151	90	49	102	84	127	104	36	52	24	110	58	186	24	4	71	38	65	7	163	95	86	17	46	59	55	17	123	84	86	68	174	61	190	125	203	73	68	20	12	62	85	157	43	21	41	155	20	39	170	195	137	162	41	120	24	51	88	141	Bacteria;Bacteroidetes;Bacteroidia;Bacteroidales;Porphyromonadaceae;;
OTU_40	92	42	33	23	88	32	68	45	30	42	42	68	53	75	32	14	40	13	79	32	9	54	53	46	9	31	43	27	9	33	47	43	28	60	41	21	50	75	34	94	79	76	13	40	57	16	15	28	8	94	21	49	77	13	23	88	63	40	93	31	33	94	14	30	84	Bacteria;Bacteroidetes;Bacteroidia;Bacteroidales;Porphyromonadaceae;;
OTU_17	77	73	14	40	294	254	66	0	0	160	0	149	0	69	45	39	80	1	16	217	22	10	5	477	13	94	15	0	7	0	0	56	108	312	0	0	156	491	4	164	4	2	52	118	584	0	2	0	0	185	1	116	40	0	0	251	184	411	21	48	0	362	1	192	196	Bacteria;Bacteroidetes;Bacteroidia;Bacteroidales;Porphyromonadaceae;;
OTU_12	65	28	25	8	36	29	33	44	63	54	93	137	22	114	54	41	21	29	32	27	46	61	166	126	117	72	81	104	7	41	138	37	64	273	25	135	23	80	103	23	9	9	5	328	99	373	21	60	20	75	20	33	16	6	69	28	25	190	49	44	491	143	75	53	17	Bacteria;Bacteroidetes;Bacteroidia;Bacteroidales;Bacteroidaceae;Bacteroides;
OTU_10	269	236	200	135	174	328	244	539	76	389	145	100	464	389	292	181	232	225	675	387	11	333	314	442	149	737	233	445	253	179	287	254	146	441	287	531	66	256	111	534	280	372	716	255	220	147	580	693	638	133	133	583	534	233	87	86	193	321	235	201	486	65	333	315	905	Bacteria;Bacteroidetes;Bacteroidia;Bacteroidales;Porphyromonadaceae;Barnesiella;
OTU_19	59	19	39	8	81	33	83	67	20	96	122	146	160	33	70	118	20	349	132	21	24	102	49	36	42	92	47	141	11	111	272	18	8	86	69	353	58	58	23	24	42	47	33	89	80	184	30	16	49	33	141	44	47	13	132	31	45	78	30	15	559	36	170	90	39	Bacteria;Bacteroidetes;Bacteroidia;Bacteroidales;Bacteroidaceae;Bacteroides;
OTU_11	35	63	42	85	52	213	136	15	2	13	69	29	32	70	38	26	55	167	50	29	57	121	29	21	29	23	6	212	10	32	112	39	2	206	15	188	120	112	17	23	36	20	82	261	39	254	16	16	20	81	134	37	60	11	32	33	27	51	25	59	195	62	81	133	100	Bacteria;Bacteroidetes;Bacteroidia;Bacteroidales;Bacteroidaceae;Bacteroides;
OTU_57	207	48	58	56	77	69	74	191	74	202	167	278	121	173	148	63	74	142	241	205	9	165	264	180	96	19	96	61	14	154	124	14	29	137	55	145	28	62	59	196	54	60	34	70	173	38	33	60	53	327	37	45	155	50	50	59	68	119	185	63	189	267	78	82	135	Bacteria;Bacteroidetes;Bacteroidia;Bacteroidales;Porphyromonadaceae;;
OTU_60	82	13	7	2	104	14	74	105	34	15	11	40	34	23	54	63	4	0	26	9	2	33	1	17	0	19	12	22	0	40	15	7	1	8	23	75	38	96	3	47	45	48	10	13	28	20	1	12	8	59	2	51	13	4	13	37	26	4	47	1	5	33	33	19	18	Bacteria;Bacteroidetes;Bacteroidia;Bacteroidales;Prevotellaceae;Alloprevotella;
OTU_54	118	0	13	19	1	9	30	53	17	1	69	69	2	98	59	1	3	13	8	12	0	1	26	55	10	35	76	46	17	19	321	14	55	4	21	29	0	1	52	3	4	5	39	1	13	49	174	225	195	103	0	1	3	112	40	14	5	67	25	1	43	44	17	0	64	Bacteria;Firmicutes;Bacilli;Lactobacillales;Lactobacillaceae;Lactobacillus;
OTU_46	38	41	59	1	141	85	109	17	32	57	32	28	43	4	51	1	56	2	88	11	47	70	26	18	43	3	39	9	1	0	28	26	37	44	36	41	68	119	80	107	40	33	2	36	17	16	1	5	1	30	9	67	118	11	19	96	51	64	33	21	11	42	19	46	27	Bacteria;Bacteroidetes;Bacteroidia;Bacteroidales;Porphyromonadaceae;;
OTU_14	44	144	51	70	750	415	663	11	87	191	123	236	8	8	54	12	227	2	180	15	88	178	12	37	81	5	61	8	1	0	153	244	35	162	120	7	522	665	208	488	566	580	4	121	121	4	1	0	1	55	70	343	311	0	58	470	326	234	21	45	3	19	5	399	57	Bacteria;Bacteroidetes;Bacteroidia;Bacteroidales;Porphyromonadaceae;;
OTU_30	56	8	35	35	116	36	103	107	21	84	89	52	140	77	65	49	16	81	96	68	21	109	44	21	84	64	86	22	2	144	128	25	5	33	79	68	82	53	62	182	89	114	8	55	62	128	18	72	70	17	19	77	30	32	135	30	40	61	59	18	23	20	32	82	27	Bacteria;Firmicutes;Clostridia;Clostridiales;;;
OTU_15	28	137	176	75	150	34	307	0	0	270	0	22	1	102	33	74	49	216	19	292	51	2	46	0	10	108	224	211	17	0	0	103	0	5	1	7	112	14	0	33	0	23	0	31	0	184	100	165	75	272	0	2	11	0	0	290	87	34	113	162	52	3	7	250	74	Bacteria;Firmicutes;Clostridia;Clostridiales;Lachnospiraceae;;
OTU_69	139	53	48	6	50	47	68	92	46	156	50	141	74	48	50	27	45	35	141	53	8	85	80	71	26	40	62	70	10	61	51	43	9	98	51	60	25	69	55	85	48	62	13	43	127	57	16	75	75	26	52	36	87	38	39	39	48	54	119	29	49	74	22	66	82	Bacteria;Bacteroidetes;Bacteroidia;Bacteroidales;Porphyromonadaceae;;
OTU_16	46	16	2	15	429	39	257	0	155	58	59	38	278	10	0	1	36	15	35	28	61	17	64	98	211	55	23	27	22	1	44	16	57	55	86	24	383	89	401	55	106	191	154	43	99	40	14	0	1	269	7	217	52	2	74	213	95	8	73	23	71	192	11	61	23	Bacteria;Firmicutes;;;;;
OTU_67	179	78	25	48	652	225	340	47	64	71	73	48	206	71	37	17	153	30	47	29	35	27	24	67	25	19	27	54	9	5	36	67	44	167	173	25	319	197	197	215	362	341	56	65	65	8	15	21	14	65	41	237	289	22	30	498	510	193	207	80	66	64	13	104	138	Bacteria;Bacteroidetes;Bacteroidia;Bacteroidales;Porphyromonadaceae;;
OTU_33	59	125	92	23	195	182	195	45	16	166	90	78	218	33	84	30	104	86	229	79	27	191	73	63	148	74	94	35	17	43	121	98	47	265	107	156	69	209	81	216	81	185	47	113	29	53	42	45	45	18	77	57	204	6	37	102	139	133	63	73	64	59	84	158	99	Bacteria;Bacteroidetes;Bacteroidia;Bacteroidales;Porphyromonadaceae;;
OTU_18	62	64	45	106	52	146	125	32	15	146	181	248	249	83	131	3	42	210	82	67	32	38	0	102	59	86	99	162	20	41	176	55	50	195	108	174	92	47	45	97	237	54	68	107	97	211	84	49	66	40	152	57	71	108	87	63	178	96	80	75	346	0	101	81	63	Bacteria;Firmicutes;Clostridia;Clostridiales;Lachnospiraceae;;
OTU_6	26	32	85	81	423	70	144	8	55	221	237	24	57	1	11	0	31	2	183	11	49	56	404	76	171	30	44	24	7	1	86	74	112	49	51	15	191	206	180	119	317	248	7	25	196	39	19	16	9	96	3	121	155	8	195	127	69	99	87	17	1	300	4	187	21	Bacteria;Firmicutes;Clostridia;Clostridiales;Ruminococcaceae;Ruminococcus;
OTU_157	19	0	0	2	14	5	3	0	5	0	0	0	26	1	0	0	4	0	0	0	0	0	10	0	0	0	0	0	13	0	1	6	0	2	15	0	12	8	1	18	19	12	9	18	2	0	0	0	0	6	0	1	0	0	8	17	4	0	2	0	0	0	0	0	0	Bacteria;Firmicutes;;;;;
OTU_112	73	15	11	0	22	25	28	8	3	33	2	4	13	20	68	8	15	25	20	2	5	17	17	47	0	46	6	44	12	17	11	20	13	26	8	16	13	19	12	29	13	24	39	20	16	4	2	8	5	18	13	20	18	9	3	28	34	72	31	15	44	5	8	12	43	Bacteria;Bacteroidetes;Bacteroidia;Bacteroidales;Porphyromonadaceae;;
OTU_26	38	29	22	58	43	57	41	88	61	95	72	115	79	21	106	18	63	27	122	110	36	171	60	73	264	19	64	29	1	150	163	118	40	40	31	25	70	56	112	62	55	20	9	171	121	102	4	16	6	29	9	73	30	9	86	39	47	69	46	48	44	44	20	51	76	Bacteria;Bacteroidetes;Bacteroidia;Bacteroidales;Rikenellaceae;Alistipes;
OTU_24	23	130	132	42	240	194	69	0	322	57	14	1	38	162	2	2	171	1	26	75	111	53	47	177	46	8	47	46	6	8	28	76	351	35	159	0	51	87	153	31	41	11	163	80	3	2	129	16	2	67	68	155	34	5	16	56	42	3	125	219	2	31	0	60	48	Bacteria;Firmicutes;Clostridia;Clostridiales;Lachnospiraceae;;
OTU_101	56	10	213	4	6	4	30	0	39	94	77	9	33	17	5	26	1	20	75	1	1	72	38	74	14	100	114	315	13	2	12	7	1	2	86	9	3	7	14	12	63	56	131	36	7	116	77	34	10	27	172	3	2	29	211	2	2	6	35	18	56	2	7	19	113	Bacteria;Firmicutes;Clostridia;Clostridiales;Lachnospiraceae;;
OTU_538	25	91	47	29	489	235	399	8	40	107	92	164	12	2	31	4	141	4	112	9	43	118	4	15	43	6	37	4	0	2	81	130	29	107	78	6	323	440	127	259	368	403	1	60	73	0	2	0	0	31	45	210	198	2	43	310	185	126	13	20	3	12	7	237	42	Bacteria;Bacteroidetes;Bacteroidia;Bacteroidales;Porphyromonadaceae;;
OTU_126	26	0	0	0	0	0	0	0	0	0	0	0	0	176	0	0	0	0	0	0	0	0	71	0	0	0	0	0	10	0	0	0	0	0	0	0	0	0	0	0	0	0	1	0	139	0	0	0	0	89	0	0	0	0	0	76	0	0	57	0	0	120	0	0	0	Bacteria;Firmicutes;Erysipelotrichia;Erysipelotrichales;Erysipelotrichaceae;Turicibacter;
OTU_125	54	7	64	2	11	14	4	0	44	4	18	4	1	30	0	0	2	0	5	3	33	2	9	10	9	0	5	0	4	1	4	7	34	3	4	0	52	1	36	0	19	5	18	0	9	0	5	0	22	69	6	12	0	6	28	7	7	0	22	0	0	5	0	1	15	Bacteria;Tenericutes;Mollicutes;Anaeroplasmatales;Anaeroplasmataceae;Anaeroplasma;
OTU_43	93	78	31	22	272	230	314	69	119	223	101	118	96	73	71	29	141	13	56	119	42	164	217	151	88	44	34	11	7	150	161	54	72	203	102	86	117	347	107	280	143	144	17	77	141	74	15	21	20	135	67	126	122	19	5	188	166	189	97	50	24	97	44	339	72	Bacteria;Bacteroidetes;Bacteroidia;Bacteroidales;Porphyromonadaceae;;
OTU_62	51	35	14	9	26	8	18	26	24	64	38	34	32	20	28	85	25	14	20	86	2	33	29	80	71	145	75	200	10	56	39	11	268	3	96	15	16	18	77	12	2	29	85	2	8	177	2	53	31	46	28	9	4	18	69	10	4	11	59	9	104	114	10	25	67	Bacteria;Firmicutes;Clostridia;Clostridiales;Lachnospiraceae;;
OTU_25	19	83	134	20	65	39	13	62	30	35	16	10	126	7	30	207	32	495	30	160	13	117	11	88	123	100	23	243	7	103	58	18	134	29	128	34	16	22	41	8	16	36	303	24	15	112	54	40	12	59	102	25	3	310	27	16	14	9	5	35	69	29	17	51	66	Bacteria;Firmicutes;Clostridia;Clostridiales;Ruminococcaceae;;
OTU_45	43	33	32	25	62	24	17	48	75	46	49	122	20	31	72	72	33	72	89	34	25	22	22	42	70	88	53	77	19	64	54	44	44	22	14	30	31	33	72	44	18	25	39	37	44	91	39	46	36	57	101	43	64	47	60	36	43	39	51	57	64	79	19	28	100	Bacteria;Bacteroidetes;Bacteroidia;Bacteroidales;;;
OTU_272	10	6	11	7	13	6	2	13	3	13	11	6	15	14	39	3	5	22	11	14	3	10	20	43	11	17	16	24	0	36	9	9	14	18	0	16	5	11	7	8	1	4	3	16	17	50	2	13	8	10	5	6	3	9	12	3	7	12	3	8	58	48	9	6	7	Bacteria;Bacteroidetes;Bacteroidia;Bacteroidales;Bacteroidaceae;Bacteroides;
OTU_64	43	39	28	33	86	73	51	3	15	32	14	25	32	71	105	30	48	22	58	2	6	26	33	16	7	20	14	44	4	0	9	44	34	62	19	22	40	76	52	95	96	55	11	34	50	12	6	10	8	132	18	45	79	2	4	81	63	139	100	25	39	74	19	39	32	Bacteria;Bacteroidetes;Bacteroidia;Bacteroidales;Porphyromonadaceae;;
OTU_132	59	5	3	0	7	4	9	13	3	6	26	25	12	6	5	1	2	9	17	17	0	4	7	28	0	11	4	49	3	2	25	5	6	12	1	1	1	10	25	8	9	7	23	8	19	14	0	13	5	14	1	3	3	7	22	10	9	11	13	2	25	5	3	3	26	Bacteria;Bacteroidetes;Bacteroidia;Bacteroidales;Porphyromonadaceae;Barnesiella;
OTU_81	29	6	10	5	41	6	10	17	19	10	13	3	5	31	5	1	7	10	18	19	6	6	9	2	4	7	24	10	5	6	6	11	3	13	11	4	14	10	8	19	19	15	11	4	29	2	9	13	15	43	8	16	10	5	21	12	2	14	67	5	22	33	4	10	8	Bacteria;Firmicutes;Clostridia;Clostridiales;;;
OTU_29	21	38	16	16	142	102	42	14	70	8	14	23	6	44	14	6	66	109	14	71	122	12	102	34	175	73	66	117	9	16	57	43	50	20	14	8	55	32	75	46	22	16	92	51	92	27	24	125	13	47	83	86	19	71	134	50	44	23	106	48	92	177	3	13	131	Bacteria;Firmicutes;Clostridia;Clostridiales;Ruminococcaceae;Clostridium IV;
OTU_21	29	79	188	27	299	50	83	32	71	60	30	10	41	47	20	270	129	94	23	69	217	47	80	39	7	88	46	102	6	60	34	41	150	15	99	21	76	57	100	16	10	15	200	50	32	294	41	79	46	39	217	42	22	61	74	28	23	11	40	148	78	13	14	70	35	Bacteria;Firmicutes;Clostridia;Clostridiales;Ruminococcaceae;;
OTU_13	16	250	231	16	354	72	19	51	33	81	148	9	268	71	31	170	293	256	12	80	25	303	97	193	289	319	75	658	1	7	8	77	286	40	719	4	41	208	117	52	1	0	392	131	187	10	389	107	14	73	700	1	50	29	1105	58	61	23	258	145	51	53	4	365	159	Bacteria;Firmicutes;Clostridia;Clostridiales;Lachnospiraceae;;
OTU_56	55	40	10	3	105	34	55	20	14	14	10	6	42	8	23	12	25	4	32	26	4	22	15	65	18	72	17	29	6	19	12	25	39	67	50	9	35	74	26	61	64	62	9	15	57	3	12	25	18	10	10	39	56	8	1	142	112	3	48	11	38	35	6	26	23	Bacteria;Bacteroidetes;Bacteroidia;Bacteroidales;Porphyromonadaceae;;
OTU_106	15	5	0	1	18	12	5	64	17	0	0	1	21	28	7	4	1	0	0	38	1	0	9	3	11	0	2	12	3	6	1	17	112	4	36	3	14	1	8	2	4	5	16	0	0	0	5	0	0	1	1	6	0	22	20	2	14	2	3	4	2	33	3	8	0	Bacteria;Firmicutes;Clostridia;Clostridiales;Lachnospiraceae;;
OTU_49	13	19	41	1	11	7	2	59	22	8	19	7	45	1	13	196	12	110	5	169	35	3	14	164	17	35	33	21	15	96	18	5	238	3	39	32	3	1	20	18	16	1	17	20	0	49	71	91	6	5	10	4	0	76	32	2	5	11	4	3	18	2	19	40	33	Bacteria;Firmicutes;Clostridia;Clostridiales;Lachnospiraceae;;
OTU_99	24	28	2	14	50	16	46	1	47	4	3	5	22	71	0	2	11	17	16	26	2	47	42	1	30	9	10	8	4	46	19	8	21	38	17	7	5	29	16	8	3	11	11	15	61	10	2	1	1	14	9	21	15	22	15	5	23	1	15	12	16	33	2	16	2	Bacteria;Firmicutes;Clostridia;Clostridiales;;;
OTU_7	4	523	275	123	32	108	10	186	9	1	2	1	4	14	133	1241	217	41	60	391	11	45	164	184	128	1	102	26	0	418	52	49	24	43	6	33	13	167	3	67	3	3	0	349	0	204	20	313	5	0	1	2	10	526	10	3	3	41	7	461	0	1	22	470	94	Bacteria;Firmicutes;Clostridia;Clostridiales;Lachnospiraceae;;
OTU_42	22	0	0	0	67	8	38	38	353	0	11	9	6	47	18	10	14	1	1	19	11	0	20	14	31	8	2	1	1	44	15	1	12	6	2	8	43	24	99	17	39	7	0	19	139	1	0	0	2	126	0	220	1	4	20	50	11	2	120	3	0	227	2	15	26	Bacteria;Proteobacteria;Alphaproteobacteria;;;;
OTU_55	38	1	0	7	25	50	70	2	24	39	23	24	50	5	21	14	14	44	12	0	31	9	117	121	0	26	20	22	3	11	63	12	30	36	23	47	58	69	105	36	21	29	4	30	169	0	8	20	14	102	6	26	22	7	10	12	39	34	8	37	68	109	14	74	42	Bacteria;Bacteroidetes;Bacteroidia;Bacteroidales;Rikenellaceae;Alistipes;
OTU_122	26	26	6	8	18	77	40	31	13	36	42	44	49	14	62	35	26	36	39	32	18	19	12	49	64	63	24	55	7	39	111	19	23	69	32	22	21	30	39	59	19	16	12	49	58	77	4	19	6	19	27	18	36	9	43	16	12	58	17	27	65	34	15	50	19	Bacteria;Bacteroidetes;;;;;
OTU_92	24	12	7	19	71	83	56	13	19	23	25	36	12	28	38	28	31	88	14	24	13	17	57	19	21	20	10	48	4	38	34	20	1	50	6	146	130	84	36	38	24	21	6	56	76	91	1	10	12	39	31	87	31	6	5	39	49	67	27	35	128	45	72	44	28	Bacteria;Bacteroidetes;Bacteroidia;Bacteroidales;Porphyromonadaceae;Parabacteroides;
OTU_8	11	94	181	40	321	113	25	5	408	90	60	23	38	99	1	1	91	37	9	32	243	40	55	111	451	15	83	26	0	3	76	48	293	13	199	0	190	19	142	19	68	28	109	120	36	7	23	14	20	189	43	263	38	83	243	64	28	2	126	42	34	144	0	167	18	Bacteria;Firmicutes;Clostridia;Clostridiales;Ruminococcaceae;;
OTU_66	24	25	83	16	31	26	5	3	9	39	27	16	36	17	25	184	21	13	4	7	36	9	23	17	6	59	6	43	12	6	6	21	101	1	4	163	6	1	56	19	2	4	28	3	8	76	959	5	14	8	58	1	4	14	4	1	3	26	4	24	11	5	107	8	12	Bacteria;Deferribacteres;Deferribacteres;Deferribacterales;Deferribacteraceae;Mucispirillum;
OTU_97	5	1	4	1	4	1	2	7	5	1	2	1	0	113	1	52	5	2	2	13	0	0	0	1	7	8	9	1	1	3	0	1	7	0	3	0	1	3	2	0	0	0	4	4	13	9	7	74	28	27	2	1	1	4	2	0	0	1	132	4	2	98	1	2	25	Bacteria;Firmicutes;Clostridia;Clostridiales;Lachnospiraceae;Clostridium XlVb;
OTU_124	28	16	13	7	23	36	36	5	23	8	5	9	16	18	0	0	18	20	34	9	15	20	34	34	8	19	9	9	8	5	2	15	29	11	20	3	17	19	15	24	23	50	21	17	46	6	4	2	5	28	17	13	21	7	29	17	12	3	25	25	4	26	1	11	5	Bacteria;Candidatus Saccharibacteria;Saccharibacteria_genera_incertae_sedis;Saccharibacteria_genera_incertae_sedis;Saccharibacteria_genera_incertae_sedis;Saccharibacteria_genera_incertae_sedis;
OTU_152	18	32	18	2	27	13	9	36	1	5	5	2	11	14	0	1	11	3	15	11	1	5	1	52	0	7	0	2	1	3	4	9	1	23	7	8	12	8	4	10	3	9	5	23	37	1	1	14	13	15	1	7	5	6	2	37	10	10	3	10	5	22	3	5	69	Bacteria;Bacteroidetes;Bacteroidia;Bacteroidales;Porphyromonadaceae;;
OTU_65	11	0	13	1	2	3	14	0	0	120	141	135	17	0	3	1	2	4	27	0	0	22	0	0	24	3	47	3	2	0	80	0	0	1	19	68	14	3	11	3	9	18	0	1	0	143	2	0	0	0	2	2	4	7	57	1	1	0	0	2	0	0	18	6	0	Bacteria;Firmicutes;Clostridia;Clostridiales;;;
OTU_61	10	100	125	21	89	24	25	14	101	23	7	10	38	37	2	19	37	13	26	23	39	52	9	36	15	89	38	17	5	41	14	55	132	18	107	2	8	45	93	9	4	9	69	47	19	11	24	59	28	40	59	39	11	32	31	59	22	10	56	134	28	26	1	74	53	Bacteria;Firmicutes;Clostridia;Clostridiales;Ruminococcaceae;;
OTU_116	13	16	14	2	34	27	36	2	4	12	4	3	22	1	15	10	16	7	23	1	4	13	6	5	0	9	3	32	0	1	2	17	5	46	17	7	14	15	13	48	30	33	3	14	8	5	3	5	0	28	3	10	42	3	1	23	27	14	2	9	20	5	7	22	10	Bacteria;Bacteroidetes;Bacteroidia;Bacteroidales;Porphyromonadaceae;;
OTU_195	18	27	10	12	33	94	51	17	3	13	5	3	11	1	13	0	36	3	15	12	11	7	4	27	16	2	4	5	2	18	12	38	12	66	17	23	7	44	58	107	42	48	5	26	6	1	3	25	61	2	5	7	35	5	2	120	100	20	23	10	5	1	7	32	97	Bacteria;Bacteroidetes;Bacteroidia;Bacteroidales;Porphyromonadaceae;;
OTU_115	10	14	14	0	33	10	10	21	6	22	2	17	25	9	5	2	9	2	34	10	3	21	17	9	4	5	8	3	0	8	11	10	1	12	25	1	11	10	2	26	6	28	9	11	6	8	1	1	2	13	9	14	32	1	20	17	16	17	13	4	5	15	3	8	7	Bacteria;Bacteroidetes;Bacteroidia;Bacteroidales;;;
OTU_113	4	42	25	7	10	8	7	8	35	9	11	1	11	8	1	20	17	7	9	29	7	13	20	19	27	7	10	6	2	29	11	12	26	1	31	0	26	22	29	12	8	0	14	23	20	2	9	20	6	17	33	10	6	26	21	7	2	1	23	14	6	22	2	7	18	Bacteria;Firmicutes;Clostridia;Clostridiales;Ruminococcaceae;;
OTU_519	6	7	1	0	3	16	8	6	2	5	5	5	10	2	19	3	12	6	8	3	4	2	1	5	25	5	5	2	0	4	15	3	7	10	3	4	5	5	12	11	1	3	5	11	15	14	2	1	1	2	3	4	5	3	10	1	2	14	2	5	12	9	1	17	4	Bacteria;Bacteroidetes;;;;;
OTU_180	161	3	0	0	233	6	118	347	72	2	0	0	4	391	0	4	3	3	2	87	5	1	115	13	8	1	0	0	7	190	0	0	0	10	1	0	146	50	1	16	6	5	1	4	110	0	0	0	0	31	3	8	7	53	0	66	33	0	278	3	0	34	1	14	1	Bacteria;Bacteroidetes;Bacteroidia;Bacteroidales;;;
OTU_79	11	9	86	9	42	9	3	18	13	8	10	1	2	22	3	14	27	22	1	24	136	2	26	10	21	2	10	0	6	25	4	7	129	2	3	7	19	7	16	16	2	1	51	5	0	61	59	3	3	1	44	8	5	40	14	3	3	1	1	30	5	4	1	23	8	Bacteria;Firmicutes;Clostridia;Clostridiales;Ruminococcaceae;Anaerotruncus;
OTU_32	13	76	72	33	57	31	23	2	124	12	2	10	36	177	2	3	69	60	21	16	60	41	1	77	108	63	63	90	7	1	19	3	120	24	73	3	56	43	44	7	21	9	156	37	13	9	77	12	0	8	112	20	30	61	32	13	14	0	18	60	24	50	0	103	84	Bacteria;Firmicutes;Clostridia;Clostridiales;Lachnospiraceae;;
OTU_138	9	0	0	0	77	0	7	3	5	0	12	33	10	9	4	2	0	0	0	13	0	0	7	4	7	12	8	0	1	1	9	4	12	0	12	1	33	4	8	0	2	19	14	0	0	0	2	4	0	11	2	25	0	2	10	3	10	0	0	0	0	7	0	0	25	Bacteria;Firmicutes;Clostridia;Clostridiales;;;
OTU_70	13	82	74	14	56	57	17	46	94	31	6	9	19	42	10	44	144	34	32	163	13	46	25	67	101	150	44	30	2	88	9	47	204	9	37	8	52	25	82	12	6	13	61	68	55	53	22	62	24	58	130	38	35	65	63	29	23	12	57	109	30	109	3	42	109	Bacteria;Firmicutes;Clostridia;Clostridiales;Ruminococcaceae;Flavonifractor;
OTU_1800	2	9	11	1	23	15	5	0	26	3	1	0	4	19	0	0	25	0	2	14	4	6	0	10	3	1	4	3	2	0	1	6	33	5	15	0	8	7	6	2	6	2	15	10	0	1	11	1	0	6	7	16	3	0	2	4	0	0	10	22	0	4	0	9	3	Bacteria;Firmicutes;Clostridia;Clostridiales;Lachnospiraceae;;
OTU_78	15	24	0	9	64	17	32	0	0	12	2	0	11	4	0	0	28	19	17	0	4	0	0	0	0	3	1	5	10	0	1	13	0	22	3	0	25	64	3	39	47	16	6	8	49	0	0	0	0	23	6	69	24	0	23	64	20	0	6	13	6	0	0	1	1	Bacteria;Firmicutes;Clostridia;Clostridiales;;;
OTU_82	36	14	7	8	33	25	15	13	20	13	13	34	7	41	18	4	15	15	60	5	3	20	23	23	13	18	13	2	2	24	21	15	6	16	12	23	9	10	22	10	21	18	12	13	39	32	6	19	9	63	19	19	21	5	14	9	14	14	58	15	60	70	13	11	20	Bacteria;Bacteroidetes;Bacteroidia;Bacteroidales;Rikenellaceae;Alistipes;
OTU_141	23	24	16	20	46	61	25	9	14	31	1	8	17	1	41	6	27	11	46	9	4	16	7	5	13	9	3	12	1	4	5	16	6	55	8	5	25	43	37	60	27	26	6	22	16	20	0	5	1	48	6	18	29	2	1	36	28	34	28	12	29	23	3	37	5	Bacteria;Bacteroidetes;;;;;
OTU_52	23	2	8	21	142	62	109	14	103	20	29	16	31	16	20	3	3	0	15	32	35	33	71	53	65	5	15	1	1	65	39	18	0	21	17	8	47	104	56	75	28	38	3	67	48	30	0	0	0	48	13	72	14	1	9	36	47	27	18	15	0	60	2	64	14	Bacteria;Bacteroidetes;Bacteroidia;Bacteroidales;Prevotellaceae;Prevotella;
OTU_28	24	147	320	91	269	89	110	47	397	54	415	30	24	151	34	0	493	23	59	0	426	64	45	2	2	1330	130	0	9	6	87	135	1045	52	47	1	132	10	241	8	7	51	155	163	361	62	3	465	417	227	46	122	51	17	508	19	28	6	41	208	392	105	0	54	582	Bacteria;Firmicutes;Clostridia;Clostridiales;Lachnospiraceae;;
OTU_190	6	1	0	4	5	8	2	2	4	9	4	6	4	3	9	6	1	5	3	4	0	2	7	2	1	3	2	5	2	5	3	5	7	6	9	7	2	6	3	4	37	2	1	1	8	12	1	2	1	8	0	2	3	4	2	5	7	5	18	1	5	7	1	1	1	Bacteria;Actinobacteria;Actinobacteria;Coriobacteriales;Coriobacteriaceae;Enterorhabdus;
OTU_102	19	17	4	10	7	13	13	4	46	2	5	1	39	34	0	1	21	13	36	24	5	12	68	21	2	14	1	16	7	24	10	24	23	21	27	0	15	17	54	24	11	34	22	10	41	2	5	1	6	26	8	35	21	20	33	30	17	6	44	21	22	93	1	13	24	Bacteria;Firmicutes;Clostridia;Clostridiales;;;
OTU_59	26	18	4	12	117	27	7	0	76	42	50	3	0	59	1	0	44	4	100	1	13	1	16	91	44	34	11	25	6	0	3	7	39	4	3	0	20	23	50	2	25	0	82	0	43	18	4	4	41	117	12	11	15	26	8	23	6	6	23	19	20	51	0	6	57	Bacteria;;;;;;
OTU_87	11	20	24	24	69	56	33	14	30	22	18	8	30	27	16	7	28	37	35	22	13	26	36	24	28	25	21	38	6	18	18	23	24	16	31	2	41	46	38	24	35	8	26	53	22	17	20	19	7	16	24	26	17	28	36	24	24	7	27	23	25	30	4	26	16	Bacteria;Firmicutes;Clostridia;Clostridiales;Ruminococcaceae;;
OTU_117	6	47	67	12	3	36	3	3	0	6	2	3	0	10	0	3	12	0	1	12	6	3	2	9	1	5	1	0	0	6	1	11	119	14	2	0	2	5	11	10	0	2	18	4	0	0	20	1	1	1	3	5	7	0	2	0	11	1	5	3	1	1	0	4	0	Bacteria;Firmicutes;Clostridia;Clostridiales;Lachnospiraceae;;
OTU_71	2	43	39	12	48	29	9	8	11	26	8	0	23	17	4	26	34	6	4	6	23	11	4	11	16	19	10	29	0	5	5	28	30	8	46	0	32	41	38	8	13	6	18	30	13	2	0	7	0	18	32	37	16	23	21	17	7	5	17	58	26	5	0	31	45	Bacteria;Firmicutes;Clostridia;Clostridiales;Ruminococcaceae;;
OTU_532	13	1	2	0	34	1	19	44	5	0	0	0	0	38	0	0	0	0	0	19	0	0	12	1	0	0	0	0	1	21	0	0	0	1	0	0	10	5	0	3	1	0	0	1	17	0	0	0	0	3	0	1	0	6	0	2	1	0	31	0	0	0	0	2	1	Bacteria;Bacteroidetes;Bacteroidia;Bacteroidales;Porphyromonadaceae;;
OTU_123	5	15	4	0	104	62	79	1	4	31	3	0	23	1	0	0	7	1	18	1	18	7	3	4	0	2	4	0	0	0	1	20	2	60	12	0	11	35	1	67	27	33	1	21	3	0	1	4	0	5	12	43	71	2	0	44	93	4	0	14	0	3	0	39	0	Bacteria;Bacteroidetes;Bacteroidia;Bacteroidales;Porphyromonadaceae;;
OTU_189	3	5	7	2	6	3	9	3	20	10	9	1	8	9	3	18	12	43	4	27	3	6	5	8	3	4	12	19	0	3	2	2	38	3	8	0	10	5	23	6	0	2	30	5	5	3	4	9	2	10	29	4	6	7	11	4	3	1	6	19	19	4	2	0	20	Bacteria;Firmicutes;Clostridia;Clostridiales;Ruminococcaceae;Clostridium IV;
OTU_68	11	42	0	17	55	12	17	41	3	58	29	0	71	1	2	50	106	58	1	5	47	45	101	10	23	1	38	4	26	11	6	18	41	13	114	47	19	7	13	44	4	24	91	40	7	178	41	6	0	3	80	3	17	177	27	1	3	12	2	52	43	1	23	63	80	Bacteria;Firmicutes;Clostridia;Clostridiales;Lachnospiraceae;;
OTU_83	8	62	80	22	110	34	29	19	45	29	27	3	28	24	12	27	93	24	31	17	66	26	11	21	24	66	28	56	4	18	31	35	186	11	74	4	74	34	62	22	11	18	81	42	31	28	21	25	18	26	102	39	15	30	74	30	17	8	17	80	29	22	1	44	59	Bacteria;Firmicutes;Clostridia;Clostridiales;Ruminococcaceae;;
OTU_145	16	7	1	40	65	33	55	11	2	8	7	9	11	11	1	1	10	3	4	8	14	3	29	6	1	2	10	12	2	3	2	16	1	46	9	13	43	44	19	32	18	16	1	44	29	4	4	21	92	13	6	50	32	1	0	29	59	27	24	16	29	20	15	11	19	Bacteria;Proteobacteria;Betaproteobacteria;Burkholderiales;Sutterellaceae;Parasutterella;
OTU_48	11	25	163	6	35	5	1	41	19	3	2	5	6	37	9	359	6	5	22	44	0	4	0	2	11	11	1	188	1	14	4	38	7	7	7	2	2	32	5	0	0	0	531	9	0	11	84	1	2	5	38	9	1	257	17	8	6	0	77	33	81	16	0	64	5	Bacteria;Firmicutes;Clostridia;Clostridiales;Lachnospiraceae;;
OTU_86	4	27	61	12	15	7	6	4	6	27	5	3	14	51	7	116	19	174	15	64	82	18	6	47	19	69	21	133	2	0	8	22	159	9	13	1	1	4	13	2	3	1	70	22	9	14	91	59	11	21	34	3	8	56	29	3	1	23	6	24	24	4	1	9	15	Bacteria;Firmicutes;Clostridia;Clostridiales;Lachnospiraceae;;
OTU_165	13	0	0	0	0	0	24	0	0	0	1	1	2	5	0	0	0	0	1	0	0	0	46	0	1	1	0	0	6	36	0	0	0	0	0	0	0	0	10	0	0	0	0	0	63	0	0	0	0	9	0	2	0	0	0	9	0	0	15	0	0	7	0	0	1	Bacteria;Firmicutes;Clostridia;Clostridiales;Peptostreptococcaceae;Clostridium XI;
OTU_129	13	4	2	2	5	2	4	13	10	15	6	9	8	10	6	18	6	5	4	27	2	10	8	13	18	26	18	57	2	15	10	8	73	0	18	5	1	8	20	8	0	6	14	1	5	34	1	11	6	8	6	2	3	4	13	7	0	5	15	2	33	24	4	7	9	Bacteria;Firmicutes;Clostridia;Clostridiales;;;
OTU_136	12	7	10	4	29	21	31	9	6	20	19	20	28	15	8	9	15	29	30	14	6	7	19	0	19	9	24	11	3	23	20	9	11	28	11	6	19	12	22	9	12	8	13	11	13	27	9	12	6	8	12	15	8	5	17	4	15	15	7	9	16	9	1	10	11	Bacteria;Firmicutes;Clostridia;Clostridiales;Eubacteriaceae;Eubacterium;
OTU_163	28	0	4	2	14	6	24	20	58	27	3	28	12	10	83	14	6	4	1	23	9	5	2	13	40	8	4	0	0	77	6	2	6	2	7	12	10	21	20	13	13	1	1	0	31	26	1	19	8	45	15	0	16	10	2	3	0	6	53	1	2	108	9	36	16	Bacteria;Bacteroidetes;Bacteroidia;Bacteroidales;Porphyromonadaceae;;
OTU_196	6	7	32	0	4	4	3	1	2	0	5	0	11	6	0	0	3	6	6	4	8	27	0	3	4	1	4	2	2	1	11	1	12	0	13	0	0	4	0	2	1	4	13	0	3	1	13	2	0	1	6	3	4	16	13	2	1	0	7	22	28	1	0	3	23	Bacteria;Firmicutes;Clostridia;Clostridiales;Lachnospiraceae;;
OTU_63	6	29	55	6	29	36	20	1	14	113	8	0	101	0	7	46	45	9	9	89	16	41	40	0	84	5	33	0	4	52	19	14	1	17	142	1	14	19	25	3	37	16	0	29	1	21	50	7	14	6	94	29	31	12	27	12	12	0	16	31	9	0	2	24	0	Bacteria;Firmicutes;Clostridia;Clostridiales;Lachnospiraceae;Lachnospiracea_incertae_sedis;
OTU_72	3	44	25	12	39	25	8	11	111	9	3	0	20	28	2	21	31	24	10	30	72	45	98	21	32	9	13	18	0	9	4	18	53	7	65	1	26	17	40	4	3	5	33	21	64	10	3	5	7	29	62	34	16	42	63	25	10	0	25	48	29	25	0	30	26	Bacteria;Firmicutes;Clostridia;Clostridiales;Ruminococcaceae;Oscillibacter;
OTU_321	3	5	56	7	1	1	0	5	3	1	1	8	11	7	4	18	5	7	12	25	8	10	2	15	21	0	0	3	1	4	1	2	7	5	2	4	0	0	0	2	3	2	22	3	6	5	19	18	6	0	0	3	3	20	0	1	3	1	0	1	1	10	1	7	18	Bacteria;Firmicutes;Clostridia;Clostridiales;Lachnospiraceae;;
OTU_85	18	6	4	6	11	5	9	36	101	30	14	10	12	52	13	22	2	9	19	34	18	10	200	46	62	32	13	7	1	68	8	10	28	6	21	0	3	11	44	3	8	13	28	2	47	1	8	14	4	98	5	15	4	34	22	24	4	3	75	3	2	102	1	4	28	Bacteria;Proteobacteria;Deltaproteobacteria;;;;
OTU_109	1	79	88	8	43	6	14	11	4	84	2	0	35	20	3	18	57	11	12	35	23	56	15	22	39	20	1	7	4	16	3	16	54	12	28	0	11	11	80	8	2	6	41	22	4	21	8	7	4	8	52	15	30	4	95	3	3	1	5	88	3	10	0	10	17	Bacteria;Firmicutes;Clostridia;Clostridiales;Lachnospiraceae;;
OTU_95	1	12	20	2	16	20	8	15	85	35	5	3	9	25	1	67	25	11	2	8	31	19	10	10	38	60	3	41	3	34	14	6	8	4	13	3	19	16	8	3	7	8	51	31	11	9	11	43	3	10	14	10	6	14	65	12	12	1	1	34	19	6	2	26	15	Bacteria;Firmicutes;Clostridia;Clostridiales;Lachnospiraceae;;
OTU_75	15	24	94	1	189	17	69	0	0	108	16	49	81	4	125	24	35	16	218	2	3	76	0	0	5	64	18	98	3	0	25	24	0	108	44	3	22	41	1	122	17	27	3	61	0	11	1	0	0	13	28	129	126	0	50	225	234	0	7	29	80	1	1	12	3	Bacteria;Bacteroidetes;Bacteroidia;Bacteroidales;Porphyromonadaceae;;
OTU_148	2	29	35	3	6	13	2	4	9	11	3	1	47	13	0	9	15	15	11	27	21	17	7	43	18	19	5	5	1	7	3	6	33	13	60	1	12	4	14	8	2	0	9	10	2	5	9	6	2	9	6	6	1	6	16	6	2	0	12	25	4	10	4	10	18	Bacteria;Firmicutes;Clostridia;Clostridiales;Lachnospiraceae;;
OTU_372	2	35	18	11	8	2	0	0	2	4	3	2	10	1	1	3	25	3	3	0	30	7	0	4	6	2	9	26	0	0	3	19	87	2	23	0	7	9	9	22	0	3	25	6	2	17	11	1	2	2	30	3	3	9	5	7	5	3	0	28	9	0	0	40	9	Bacteria;Firmicutes;Clostridia;Clostridiales;Ruminococcaceae;;
OTU_618	2	2	30	0	8	3	2	1	53	1	5	1	7	41	0	12	0	8	0	2	7	3	0	10	22	5	1	2	1	0	12	0	2	0	7	0	3	6	1	0	2	1	18	16	0	0	2	2	6	21	8	42	0	40	30	0	6	0	3	0	2	3	0	19	0	Bacteria;Firmicutes;Clostridia;Clostridiales;Lachnospiraceae;;
OTU_168	4	8	0	2	7	14	4	0	16	0	0	0	4	1	0	0	8	0	0	0	24	0	2	0	0	0	0	0	0	0	0	5	0	2	10	0	11	1	0	8	3	1	9	2	0	0	0	0	0	9	2	8	0	0	4	2	1	0	4	7	0	0	0	0	1	Bacteria;Firmicutes;Clostridia;Clostridiales;Ruminococcaceae;;
OTU_307	3	3	1	1	3	1	0	1	25	0	0	0	1	4	2	1	4	3	4	2	0	0	7	2	2	3	0	0	1	2	0	8	11	1	0	0	0	5	4	6	1	3	1	6	7	0	1	1	0	7	0	2	1	2	1	0	0	0	5	0	2	12	1	2	0	Bacteria;Firmicutes;Clostridia;Clostridiales;Ruminococcaceae;;
OTU_121	2	36	0	7	1	1	0	2	0	0	16	0	7	3	1	13	20	50	0	0	0	0	16	6	0	6	16	26	2	0	20	26	15	8	3	24	2	6	2	5	0	3	12	22	0	0	13	28	10	2	0	2	6	1	3	3	1	0	1	4	29	4	14	0	9	Bacteria;Firmicutes;Clostridia;Clostridiales;Lachnospiraceae;;
OTU_397	2	34	69	26	3	34	20	0	0	116	65	9	17	3	4	128	130	28	4	51	2	62	9	10	372	60	4	16	5	2	70	29	74	2	30	7	0	3	85	8	4	17	151	7	0	67	41	28	6	67	15	1	14	21	25	23	5	14	73	48	25	0	7	152	29	Bacteria;Firmicutes;Clostridia;Clostridiales;Lachnospiraceae;;
OTU_209	1	0	0	0	1	0	3	0	4	0	1	0	0	10	0	0	0	0	0	0	0	0	0	1	0	0	0	0	0	0	0	0	36	1	0	0	3	2	14	0	0	0	6	0	0	0	0	0	2	9	0	0	0	0	19	0	0	0	8	0	0	0	0	0	0	Bacteria;Firmicutes;Clostridia;Clostridiales;Lachnospiraceae;;
OTU_74	1	101	0	54	0	0	0	9	0	0	79	0	225	54	0	0	39	71	0	0	0	0	30	0	0	1	0	0	0	0	0	60	0	24	651	0	0	0	0	0	9	12	94	174	0	0	0	0	0	1	0	0	0	114	662	47	1	0	1	130	67	1	0	0	0	Bacteria;Firmicutes;Clostridia;Clostridiales;Lachnospiraceae;;
OTU_110	9	4	0	0	35	31	12	1	7	7	4	13	5	0	18	3	8	1	10	3	7	13	19	23	10	1	1	3	0	0	6	9	25	12	7	8	34	13	55	25	20	16	1	10	12	16	1	3	0	28	4	8	10	0	2	15	15	21	11	3	2	80	3	25	25	Bacteria;Bacteroidetes;Bacteroidia;Bacteroidales;Porphyromonadaceae;;
OTU_167	7	35	42	26	30	18	10	11	66	26	2	0	23	10	0	1	48	39	9	12	50	34	17	46	17	13	13	12	1	28	1	19	20	8	55	1	50	48	60	17	15	2	10	42	71	7	13	13	2	57	29	8	8	14	11	28	26	1	23	66	14	19	0	12	8	Bacteria;Firmicutes;Clostridia;Clostridiales;Ruminococcaceae;Flavonifractor;
OTU_654	2	0	2	0	2	0	0	0	4	0	1	0	1	4	0	7	30	3	0	0	1	0	0	0	0	4	0	14	0	0	1	0	0	1	2	0	1	3	0	2	3	0	7	3	0	0	0	4	5	0	2	1	0	6	2	0	2	3	0	3	10	0	0	1	3	Bacteria;Firmicutes;Clostridia;Clostridiales;Ruminococcaceae;;
OTU_159	3	0	0	5	2	1	1	2	2	0	8	0	0	13	0	0	0	16	0	1	1	2	14	5	2	0	0	8	0	4	8	2	2	5	0	39	6	23	29	2	0	0	0	1	35	3	0	0	0	40	0	0	2	0	0	0	0	0	1	2	9	15	26	0	0	Bacteria;Bacteroidetes;Bacteroidia;Bacteroidales;Porphyromonadaceae;Parabacteroides;
OTU_339	1	16	8	1	2	5	3	2	15	4	1	0	1	2	0	3	1	0	6	1	14	10	0	19	4	0	2	0	0	0	0	3	23	3	6	0	6	1	9	0	0	5	18	2	2	0	0	0	0	1	27	4	7	2	0	2	0	0	1	7	0	3	0	7	11	Bacteria;Firmicutes;Clostridia;Clostridiales;Ruminococcaceae;;
OTU_191	4	5	3	1	19	15	22	10	9	4	9	1	3	9	3	0	10	5	4	1	6	3	9	8	0	1	4	9	2	9	1	7	6	19	2	3	10	4	4	22	6	17	3	4	18	4	2	4	0	7	17	12	10	9	0	29	33	18	3	1	7	6	1	7	15	Bacteria;Bacteroidetes;Bacteroidia;Bacteroidales;Porphyromonadaceae;;
OTU_888	13	0	2	1	0	2	1	1	3	0	7	4	0	15	11	1	0	5	3	0	0	0	5	3	2	1	2	6	2	2	23	2	4	1	1	4	0	0	2	1	0	1	6	1	10	6	8	5	10	9	0	0	1	16	7	0	2	4	2	0	4	4	1	0	4	Bacteria;Firmicutes;Bacilli;Lactobacillales;Lactobacillaceae;Lactobacillus;
OTU_134	3	25	40	7	26	44	20	2	147	41	2	0	10	76	3	9	9	4	10	11	12	1	3	12	25	7	10	17	0	7	6	21	3	14	12	0	15	13	8	11	22	15	15	8	2	12	9	3	6	19	44	14	16	13	10	14	9	0	7	29	13	11	1	7	13	Bacteria;Firmicutes;Clostridia;Clostridiales;Lachnospiraceae;;
OTU_98	5	50	100	16	5	9	11	14	4	8	3	12	24	45	11	40	36	41	32	105	14	14	5	63	43	25	1	12	0	8	8	23	55	17	17	9	8	6	6	3	5	3	29	31	20	10	57	77	40	1	7	19	7	52	8	3	6	11	2	37	7	46	2	15	53	Bacteria;Firmicutes;Clostridia;Clostridiales;Lachnospiraceae;Clostridium XlVa;
OTU_90	17	11	5	15	13	14	8	18	16	19	25	41	29	35	6	7	8	42	38	19	3	17	8	13	17	37	17	27	2	15	17	16	4	12	26	6	3	8	14	10	10	4	11	11	16	20	19	18	17	12	4	10	7	25	32	8	13	11	28	5	47	14	5	14	21	Bacteria;Bacteroidetes;Bacteroidia;Bacteroidales;Porphyromonadaceae;Odoribacter;
OTU_1988	3	25	18	4	5	1	1	1	2	2	0	2	7	6	1	5	6	3	3	7	3	5	0	4	6	9	1	14	1	8	5	19	26	4	10	1	1	2	13	0	0	3	20	17	1	6	3	7	1	5	23	1	3	9	19	3	1	0	6	10	6	0	0	5	7	Bacteria;Firmicutes;Clostridia;Clostridiales;Ruminococcaceae;;
OTU_93	3	44	25	40	114	60	76	0	0	84	0	1	49	0	0	0	78	0	112	0	20	80	0	0	4	0	0	0	0	0	0	44	0	62	35	0	50	142	0	126	53	72	0	41	0	2	0	0	0	0	13	75	93	0	0	59	63	0	0	48	0	0	0	141	0	Bacteria;Bacteroidetes;Bacteroidia;Bacteroidales;Porphyromonadaceae;;
OTU_164	4	1	8	2	4	0	4	5	2	6	2	0	8	0	0	0	1	0	15	27	1	1	2	1	18	0	0	0	1	13	0	1	2	5	6	0	0	7	5	1	4	3	2	3	8	3	5	2	0	2	0	1	5	8	0	9	0	0	0	1	1	78	0	16	3	Bacteria;Firmicutes;;;;;
OTU_77	9	101	48	23	24	20	3	21	43	14	3	10	31	23	8	67	116	12	10	64	36	14	4	48	16	14	3	61	3	48	4	24	41	12	45	1	10	31	15	15	9	38	67	74	27	24	17	48	38	9	134	11	13	17	15	5	11	6	24	33	3	17	4	13	49	Bacteria;Firmicutes;Clostridia;Clostridiales;Ruminococcaceae;Butyricicoccus;
OTU_149	2	26	0	5	4	4	15	5	14	0	29	0	9	27	0	0	1	0	0	12	0	0	9	24	0	32	1	52	6	0	12	11	42	2	12	0	13	5	2	0	1	0	14	14	28	0	61	3	14	21	0	7	0	23	5	2	16	8	1	5	0	7	0	0	17	Bacteria;Firmicutes;Clostridia;Clostridiales;Lachnospiraceae;;
OTU_88	4	55	51	35	105	38	67	0	5	39	17	32	13	7	28	44	46	157	27	11	102	32	91	19	10	100	12	120	8	0	20	31	113	13	16	25	37	15	52	22	7	6	154	22	11	91	35	13	30	3	71	46	22	8	0	8	61	23	2	92	121	9	16	39	32	Bacteria;Firmicutes;Clostridia;Clostridiales;Lachnospiraceae;Clostridium XlVb;
OTU_279	21	103	68	47	60	43	7	31	72	38	16	9	25	50	6	50	103	35	17	29	34	32	16	34	63	55	31	65	6	37	3	32	78	11	76	2	36	25	57	23	2	14	55	55	29	22	16	48	17	37	106	34	33	55	69	17	14	5	24	84	45	43	3	29	87	Bacteria;Firmicutes;Clostridia;Clostridiales;Ruminococcaceae;;
OTU_111	4	12	9	17	17	24	2	0	7	8	3	5	7	3	0	2	5	7	21	3	10	10	8	1	5	0	6	5	1	0	4	9	3	17	2	2	18	21	6	26	4	22	9	17	3	4	16	5	2	4	7	11	14	5	2	17	10	5	1	8	6	2	0	13	4	Bacteria;Firmicutes;Clostridia;Clostridiales;Ruminococcaceae;;
OTU_1371	2	28	4	3	4	6	11	23	8	12	0	0	5	45	2	16	13	0	7	124	23	9	7	8	5	26	0	0	0	81	6	8	1	5	12	0	11	11	7	0	3	3	0	18	0	0	3	1	0	0	11	8	1	15	2	1	1	0	0	14	0	30	0	17	0	Bacteria;Firmicutes;Clostridia;Clostridiales;Lachnospiraceae;;
OTU_91	4	11	111	5	12	47	84	3	1	111	7	1	18	0	18	20	30	12	6	15	13	28	0	3	10	130	1	6	4	2	29	35	34	4	69	14	6	15	1	20	18	41	5	20	13	290	37	1	45	3	266	57	25	3	59	8	34	0	1	89	10	0	7	51	6	Bacteria;Firmicutes;Clostridia;Clostridiales;Lachnospiraceae;;
OTU_829	2	16	13	5	18	18	7	12	4	8	0	0	4	3	0	0	13	0	0	1	24	0	0	10	5	0	0	0	1	0	0	4	2	2	5	0	16	12	1	2	1	2	10	7	0	10	0	0	0	0	16	15	1	4	0	7	3	0	1	5	1	0	0	20	0	Bacteria;Firmicutes;Clostridia;Clostridiales;Ruminococcaceae;Flavonifractor;
OTU_155	2	19	11	4	3	10	32	0	0	10	2	2	3	1	0	0	14	15	7	0	0	6	0	2	0	10	10	3	1	0	0	10	6	14	0	5	5	0	4	4	2	1	12	7	0	13	3	0	0	2	30	1	9	0	3	1	3	0	1	10	7	0	1	8	0	Bacteria;Firmicutes;Clostridia;Clostridiales;Lachnospiraceae;Lachnospiracea_incertae_sedis;
OTU_37	7	18	61	0	0	11	0	0	41	61	162	0	0	32	0	0	10	169	7	0	8	19	58	35	3	0	0	12	3	0	0	149	11	4	0	55	0	0	0	4	0	0	259	7	305	134	0	0	0	318	116	17	0	0	75	4	2	1	15	67	100	0	30	0	0	Bacteria;Firmicutes;Clostridia;Clostridiales;Lachnospiraceae;;
OTU_103	9	9	18	0	34	16	26	5	38	35	1	12	38	3	17	6	12	1	57	1	4	54	7	9	12	7	5	5	1	20	4	19	11	23	16	18	12	32	30	18	26	21	0	4	30	54	0	3	0	42	14	25	29	0	3	27	26	31	13	3	5	15	18	25	15	Bacteria;Bacteroidetes;Bacteroidia;Bacteroidales;Porphyromonadaceae;;
OTU_170	1	9	8	3	19	9	4	2	14	9	1	1	9	12	1	10	11	17	7	1	1	9	4	1	4	10	10	12	4	2	4	0	4	1	18	0	13	10	23	2	4	3	22	23	1	4	4	2	1	10	14	8	2	5	9	4	0	1	19	14	15	9	1	7	10	Bacteria;Firmicutes;Clostridia;Clostridiales;Ruminococcaceae;;
OTU_151	1	1	7	0	5	0	1	3	32	1	5	0	1	10	3	17	10	15	0	3	5	2	10	5	3	10	9	2	1	0	0	1	26	0	4	0	2	2	3	0	0	0	72	1	2	5	4	4	0	4	5	1	1	33	4	3	0	0	1	3	0	9	0	3	6	Bacteria;Firmicutes;Clostridia;Clostridiales;Lachnospiraceae;;
OTU_464	1	21	40	12	29	13	5	0	10	54	3	3	20	48	2	9	12	2	24	6	18	46	12	6	12	26	7	30	0	5	3	11	11	5	40	1	6	9	16	13	6	5	15	13	48	23	19	14	2	37	24	7	14	8	5	2	3	3	21	38	5	39	2	22	9	Bacteria;Firmicutes;Clostridia;Clostridiales;Lachnospiraceae;;
OTU_127	13	1	0	0	218	0	13	0	138	0	4	3	10	1	0	1	0	1	0	0	151	0	1	0	0	6	14	0	3	0	3	0	154	0	28	0	85	3	63	0	28	7	5	0	9	0	2	17	49	7	0	74	0	5	108	13	19	0	75	0	0	0	0	0	0	Bacteria;Firmicutes;Clostridia;Clostridiales;Lachnospiraceae;;
OTU_35	1	173	8	64	0	49	4	42	102	68	11	5	0	2	8	8	97	0	45	226	6	56	25	144	108	1	73	76	0	58	4	64	91	16	9	0	0	7	0	17	0	0	31	15	7	4	76	4	0	37	46	1	1	42	4	0	0	5	69	40	1	104	0	29	44	Bacteria;Firmicutes;Clostridia;Clostridiales;Lachnospiraceae;;
OTU_779	5	0	0	0	5	0	3	16	3	0	0	0	0	16	0	0	0	0	0	4	0	0	5	1	0	0	0	0	0	1	0	0	0	0	0	0	4	1	1	0	0	0	0	0	7	0	0	0	0	0	0	0	0	1	0	1	1	0	9	0	0	2	0	1	0	Bacteria;Bacteroidetes;Bacteroidia;Bacteroidales;Porphyromonadaceae;;
OTU_119	5	3	5	2	16	8	12	5	9	7	3	4	11	13	7	1	13	3	14	6	1	16	16	6	4	2	6	5	1	2	6	4	1	7	5	2	5	8	9	22	4	9	0	3	1	3	0	9	6	18	12	18	24	0	11	10	4	5	6	8	11	12	4	12	5	Bacteria;Bacteroidetes;Bacteroidia;Bacteroidales;Rikenellaceae;Alistipes;
OTU_211	1	4	0	1	6	15	5	0	4	0	1	5	0	1	5	1	4	0	7	2	3	6	0	3	2	1	1	4	0	2	5	6	1	3	1	1	6	10	28	12	1	3	2	9	7	2	1	1	0	0	1	9	5	0	1	4	6	9	4	5	1	1	2	6	5	Bacteria;Bacteroidetes;;;;;
OTU_385	2	50	18	8	2	1	2	4	1	0	1	1	3	15	0	3	5	3	11	9	3	1	0	7	2	8	2	24	0	11	2	6	5	9	5	0	1	4	0	0	1	1	10	9	0	3	7	22	2	1	30	0	0	44	9	10	0	1	10	5	17	0	0	1	3	Bacteria;Firmicutes;Clostridia;Clostridiales;Ruminococcaceae;Oscillibacter;
OTU_38	1	180	63	34	8	27	5	75	1	0	0	0	0	9	50	322	64	13	19	86	0	10	53	63	19	1	41	8	0	107	9	13	3	19	0	11	0	55	1	13	0	0	0	97	0	58	3	71	0	0	0	0	6	163	1	0	0	9	0	126	0	0	3	130	24	Bacteria;Firmicutes;Clostridia;Clostridiales;Lachnospiraceae;;
OTU_50	3	40	56	43	154	42	20	10	146	53	6	0	17	39	6	21	53	47	33	26	164	34	8	24	61	31	32	54	3	13	16	11	65	23	58	3	38	51	82	24	8	22	18	81	30	13	6	28	11	46	33	53	39	58	45	29	9	3	30	112	52	65	1	97	28	Bacteria;Firmicutes;Clostridia;Clostridiales;Ruminococcaceae;Oscillibacter;
OTU_1851	4	50	43	15	63	51	19	0	64	10	0	0	9	47	0	0	64	0	6	18	30	21	10	65	6	2	19	18	5	0	7	15	94	7	42	0	14	16	41	20	16	7	52	20	1	0	45	1	0	20	33	38	14	3	12	15	13	1	34	63	3	11	0	20	15	Bacteria;Firmicutes;Clostridia;Clostridiales;Lachnospiraceae;;
OTU_137	3	5	3	11	12	20	4	0	0	31	18	15	0	1	5	16	86	0	0	1	3	6	0	4	4	13	0	0	0	0	5	7	4	0	0	1	0	1	1	12	0	0	55	4	0	71	3	0	0	5	3	9	3	2	38	0	4	0	0	2	0	0	4	78	17	Bacteria;Firmicutes;Clostridia;Clostridiales;Lachnospiraceae;;
OTU_375	2	23	10	5	32	26	8	0	34	4	0	0	5	21	1	1	22	0	2	17	13	10	3	28	3	0	6	9	1	0	3	9	47	7	22	0	10	9	22	6	9	2	12	13	0	0	14	2	0	14	13	20	3	1	2	11	5	0	12	33	1	4	0	8	4	Bacteria;Firmicutes;Clostridia;Clostridiales;Lachnospiraceae;;
OTU_47	2	11	2	6	69	46	36	78	32	0	0	0	74	16	0	1	8	0	0	5	70	0	6	18	4	1	0	0	8	296	0	8	5	3	152	0	14	2	16	8	166	70	58	9	1	0	1	1	0	27	163	201	0	234	0	8	0	0	56	185	0	11	0	5	1	Bacteria;Firmicutes;Clostridia;Clostridiales;Lachnospiraceae;;
OTU_140	5	34	11	6	9	4	1	12	24	15	17	2	7	10	1	17	26	9	7	16	8	4	14	24	25	18	15	17	1	7	7	9	47	1	19	5	18	10	38	3	5	3	40	19	5	37	14	1	6	12	27	5	6	19	33	6	6	1	13	13	13	7	2	14	22	Bacteria;Firmicutes;Clostridia;Clostridiales;Ruminococcaceae;;
OTU_94	3	51	132	7	74	5	5	1	0	15	5	0	27	35	0	0	9	2	125	0	25	44	5	0	0	0	0	14	0	1	0	23	0	23	115	1	19	14	0	8	29	3	2	22	1	11	12	0	16	3	51	31	46	15	71	5	7	0	0	36	110	2	0	8	19	Bacteria;Firmicutes;Clostridia;Clostridiales;Lachnospiraceae;;
OTU_51	4	59	97	46	381	16	33	39	10	5	6	2	10	10	3	11	9	63	12	109	77	31	10	20	54	69	14	31	4	43	8	29	30	15	12	3	91	74	28	91	13	9	85	24	24	0	17	19	14	7	24	92	5	65	16	14	42	1	8	103	42	8	4	14	81	Bacteria;Firmicutes;Clostridia;Clostridiales;Lachnospiraceae;;
OTU_399	1	4	2	18	6	2	1	0	0	2	1	0	37	0	0	0	17	11	0	0	0	0	0	0	0	0	0	12	0	0	0	11	0	0	47	6	1	1	0	1	3	1	30	10	2	3	0	0	0	0	2	1	0	0	54	1	0	0	3	7	5	0	0	10	0	Bacteria;Firmicutes;Clostridia;Clostridiales;Ruminococcaceae;;
OTU_100	1	28	27	0	34	25	33	2	5	44	0	3	48	0	5	0	12	9	66	0	2	48	3	1	3	4	1	8	1	2	0	19	1	26	38	10	23	32	11	44	30	42	2	25	7	40	0	0	0	8	14	14	23	0	3	22	20	6	4	17	9	5	4	32	7	Bacteria;Bacteroidetes;Bacteroidia;Bacteroidales;Porphyromonadaceae;;
OTU_169	3	2	0	0	6	14	5	0	32	2	3	0	0	19	0	0	2	3	1	0	1	0	2	0	0	0	0	0	0	0	0	14	0	6	0	1	3	3	0	6	7	2	10	0	0	7	0	0	0	7	0	21	0	1	9	9	7	0	3	4	0	1	0	0	0	Bacteria;Firmicutes;Clostridia;Clostridiales;Ruminococcaceae;;
OTU_135	3	21	6	17	26	27	9	2	2	4	5	8	0	5	5	1	53	1	5	3	4	1	0	9	5	16	15	3	4	8	1	57	25	2	2	0	21	33	15	0	8	4	35	14	2	4	10	9	3	1	6	98	18	2	9	23	19	4	7	4	4	4	0	3	5	Bacteria;Firmicutes;Clostridia;Clostridiales;;;
OTU_179	1	17	23	1	3	0	0	2	2	3	0	2	3	7	1	24	7	2	8	13	0	15	4	22	6	3	0	0	0	5	2	1	22	1	1	1	0	1	3	0	0	1	11	5	2	1	3	1	0	1	14	0	3	8	11	0	0	1	2	2	5	3	1	1	13	Bacteria;Firmicutes;Clostridia;Clostridiales;Lachnospiraceae;;
OTU_84	4	114	61	11	87	22	20	18	192	45	9	2	22	14	1	4	67	17	9	159	85	38	23	31	104	4	17	7	0	31	12	12	38	8	71	0	11	46	29	7	8	12	43	18	31	8	7	16	10	14	104	30	10	60	33	21	9	3	33	72	5	3	0	42	19	Bacteria;Firmicutes;Clostridia;Clostridiales;Lachnospiraceae;;
OTU_146	1	8	6	1	4	4	2	0	6	9	2	0	4	1	0	24	11	17	3	1	4	6	2	9	6	7	4	12	0	4	0	2	7	1	12	0	0	4	11	1	1	0	11	4	3	8	1	3	2	0	16	1	4	7	2	4	1	0	2	12	10	1	0	10	14	Bacteria;Firmicutes;Clostridia;Clostridiales;Lachnospiraceae;;
OTU_1230	1	0	0	0	41	0	1	0	10	0	1	0	2	0	0	1	0	0	0	0	21	0	0	0	0	0	3	0	0	0	0	0	28	0	11	0	20	1	6	0	3	2	2	0	2	0	0	5	5	2	0	16	0	1	23	2	8	0	13	0	0	0	0	0	0	Bacteria;Firmicutes;Clostridia;Clostridiales;Lachnospiraceae;;
OTU_153	1	2	0	1	19	14	8	1	27	0	0	0	3	12	0	4	16	0	2	0	0	0	3	2	2	0	2	0	0	14	1	3	2	1	16	0	11	15	3	0	0	0	9	1	2	0	0	6	0	26	0	4	0	16	1	7	3	0	4	3	0	85	0	0	21	Bacteria;Firmicutes;Clostridia;Clostridiales;Lachnospiraceae;;
OTU_36	1	218	554	98	390	87	25	28	67	103	1	1	0	1	3	0	722	37	79	0	275	90	8	0	0	57	0	1	1	1	8	187	0	86	1	2	159	8	0	14	23	3	204	222	0	12	0	0	1	5	80	252	93	8	7	29	33	0	51	345	11	9	1	75	1	Bacteria;Firmicutes;Clostridia;Clostridiales;Lachnospiraceae;;
OTU_34	1	144	129	8	342	246	278	0	0	162	0	0	304	0	1	0	159	0	290	0	23	231	0	0	0	0	0	1	0	0	1	86	0	266	174	0	124	141	19	377	226	237	0	189	0	2	0	0	0	0	193	152	292	0	0	289	305	5	0	107	2	0	0	256	0	Bacteria;Bacteroidetes;Bacteroidia;Bacteroidales;Porphyromonadaceae;;
OTU_174	1	34	31	20	36	12	6	5	17	3	0	0	5	34	1	0	36	0	11	5	19	2	3	5	0	0	1	0	1	0	0	19	13	3	33	0	13	27	0	11	14	8	13	5	8	0	7	0	0	7	18	17	4	8	0	23	11	1	19	23	0	15	0	8	0	Bacteria;Proteobacteria;Deltaproteobacteria;Desulfovibrionales;Desulfovibrionaceae;;
OTU_283	1	1	3	1	0	0	5	1	0	1	3	1	11	0	2	11	0	6	1	1	0	3	1	50	2	8	0	2	0	0	0	3	0	0	3	1	0	0	7	0	1	1	3	0	0	13	12	0	0	1	2	1	0	2	4	0	1	2	0	0	5	0	0	2	2	Bacteria;Firmicutes;Clostridia;Clostridiales;Lachnospiraceae;;
OTU_208	1	2	0	0	5	2	5	16	2	0	1	0	0	2	0	0	0	0	1	3	1	2	5	2	0	2	0	3	1	2	1	0	0	3	0	1	0	0	3	2	10	4	1	1	5	0	1	2	17	0	0	0	3	4	1	1	1	3	16	0	1	4	0	3	2	Bacteria;Actinobacteria;Actinobacteria;Coriobacteriales;Coriobacteriaceae;Parvibacter;
OTU_133	1	23	8	7	6	13	8	1	4	10	4	0	6	2	1	0	8	20	4	7	22	1	2	23	8	68	17	17	0	3	11	26	43	15	10	1	2	8	2	3	6	2	13	30	8	11	9	1	5	10	62	12	12	46	3	4	2	4	5	20	13	13	0	11	10	Bacteria;Firmicutes;Clostridia;Clostridiales;Lachnospiraceae;;
OTU_147	2	5	5	3	6	3	2	3	6	1	1	1	8	1	4	26	14	0	3	17	5	2	3	5	28	16	3	5	0	12	3	0	14	1	14	0	2	3	2	0	3	0	4	14	0	2	23	2	0	0	20	2	0	5	6	2	12	2	5	12	2	11	0	1	9	Bacteria;Firmicutes;Clostridia;Clostridiales;Ruminococcaceae;;
OTU_193	1	2	1	0	1	1	0	0	6	0	3	5	0	2	3	24	24	20	0	0	3	2	1	1	4	6	8	11	1	1	1	0	11	1	0	2	0	0	24	7	0	0	19	8	0	13	2	10	3	1	12	0	8	6	42	0	0	1	0	9	8	0	1	6	11	Bacteria;Proteobacteria;Deltaproteobacteria;Desulfovibrionales;Desulfovibrionaceae;Desulfovibrio;
OTU_89	2	111	1	20	49	38	9	0	0	43	2	0	0	0	0	0	8	5	2	0	50	1	0	0	0	0	89	22	1	0	0	21	17	17	0	0	12	9	15	28	10	6	84	6	1	0	1	0	1	0	44	3	8	0	41	29	3	0	0	52	41	0	0	18	80	Bacteria;Firmicutes;Clostridia;Clostridiales;Lachnospiraceae;Roseburia;
OTU_171	1	0	1	0	5	7	7	3	1	0	0	0	2	2	2	12	1	1	4	0	0	2	0	1	1	4	1	1	1	2	1	3	0	2	0	11	1	4	2	4	2	3	0	1	2	8	0	0	0	3	0	9	7	0	3	7	3	6	2	3	0	3	9	5	5	Bacteria;Bacteroidetes;Bacteroidia;Bacteroidales;Porphyromonadaceae;Parabacteroides;
OTU_332	1	0	2	0	1	1	3	5	17	0	0	4	2	0	0	0	2	0	4	3	0	1	14	4	1	1	0	1	2	7	3	0	8	0	0	0	3	1	19	2	1	1	2	2	21	0	0	1	3	23	0	6	0	1	0	1	0	0	13	2	3	50	0	0	1	Bacteria;Proteobacteria;Deltaproteobacteria;;;;
OTU_1690	1	0	27	0	16	0	3	0	0	6	3	1	2	0	4	26	0	5	3	0	6	0	0	0	1	4	0	0	2	0	3	1	16	0	2	4	0	0	2	0	0	0	4	0	6	13	0	0	0	0	0	0	0	7	6	3	1	2	1	7	1	0	0	9	5	Bacteria;Firmicutes;Clostridia;Clostridiales;Ruminococcaceae;Butyricicoccus;
OTU_173	1	1	1	0	0	1	1	10	2	0	2	0	1	0	0	0	0	1	0	0	1	0	7	0	0	0	0	0	0	89	2	0	2	1	0	27	0	5	0	0	0	2	1	3	0	0	0	0	0	2	0	1	0	3	1	1	1	2	0	3	0	13	8	2	0	Bacteria;Firmicutes;Clostridia;Clostridiales;Ruminococcaceae;;
OTU_506	1	6	5	2	1	8	4	0	0	19	14	0	4	0	3	15	19	4	0	10	0	14	0	5	62	13	0	2	1	1	12	4	17	0	3	5	0	0	12	2	0	2	26	0	0	9	3	9	1	11	2	0	2	6	6	4	1	6	11	13	6	0	1	17	2	Bacteria;Firmicutes;Clostridia;Clostridiales;Lachnospiraceae;;
OTU_184	1	7	6	3	8	3	5	1	2	4	0	0	2	7	0	2	6	43	2	6	5	1	2	3	19	2	1	37	0	3	0	5	17	3	2	1	4	2	4	1	4	0	4	3	0	0	0	4	0	1	18	3	3	11	3	1	4	2	3	4	19	0	0	7	17	Bacteria;Firmicutes;Clostridia;Clostridiales;Lachnospiraceae;Clostridium XlVa;
OTU_139	1	19	26	1	23	8	0	2	22	8	0	4	1	1	3	33	53	13	2	8	15	9	2	2	1	5	3	15	3	6	2	1	18	1	8	3	6	3	15	7	1	3	39	15	0	21	4	5	7	4	18	3	11	13	0	6	0	0	0	32	5	2	0	7	10	Bacteria;Proteobacteria;Deltaproteobacteria;Desulfovibrionales;Desulfovibrionaceae;;
OTU_3	0	750	408	313	542	419	192	23	561	211	1	0	202	38	0	0	591	1	92	60	257	329	61	27	0	2	19	16	1	2	25	314	155	238	348	1	10	763	324	199	78	78	77	582	20	0	14	24	0	153	251	130	300	30	0	3	3	33	83	768	3	278	0	327	27	Bacteria;Firmicutes;Clostridia;Clostridiales;Lachnospiraceae;;
OTU_53	0	303	79	93	13	0	8	1	0	13	60	1	53	0	6	12	44	184	75	3	0	45	0	4	60	2	4	90	0	0	24	8	252	87	56	22	1	31	2	4	2	11	173	9	0	8	8	1	0	0	123	44	1	4	1	0	17	6	2	15	72	0	15	1	5	Bacteria;Firmicutes;Clostridia;Clostridiales;Lachnospiraceae;;
OTU_22	0	92	0	19	112	150	76	0	290	84	17	0	55	0	0	1	28	9	3	0	13	7	14	21	28	1	35	0	0	0	17	14	132	31	98	0	165	314	224	44	73	34	6	255	8	5	0	6	3	30	26	28	5	0	9	44	10	21	3	228	0	162	0	315	1	Bacteria;Firmicutes;Clostridia;Clostridiales;Lachnospiraceae;Clostridium XlVa;
OTU_358	0	41	11	16	98	11	40	4	2	6	15	0	13	6	0	1	9	2	3	3	44	3	1	43	0	9	7	15	1	2	0	25	52	11	16	0	137	21	17	10	61	11	8	56	48	3	36	1	5	23	16	29	1	11	19	37	71	2	23	30	6	4	1	5	12	Bacteria;Firmicutes;Clostridia;Clostridiales;Lachnospiraceae;;
OTU_281	0	45	21	34	63	60	53	0	0	81	3	23	170	0	20	2	32	17	138	0	13	106	0	1	4	10	3	18	1	0	17	133	2	51	82	17	40	76	5	31	30	27	0	61	0	5	0	0	0	0	35	31	25	1	7	25	43	27	0	49	32	0	12	47	0	Bacteria;Bacteroidetes;Bacteroidia;Bacteroidales;Rikenellaceae;Alistipes;
OTU_105	0	70	29	34	32	37	63	32	21	22	47	5	57	12	6	48	26	27	21	35	33	33	13	28	46	90	28	60	9	39	8	59	34	55	37	12	53	22	70	12	15	15	38	37	19	24	36	30	50	7	55	30	32	23	14	19	22	17	22	67	39	13	3	54	20	Bacteria;Firmicutes;Clostridia;Clostridiales;Lachnospiraceae;Clostridium XlVa;
OTU_114	0	45	0	1	0	0	0	87	10	2	7	0	0	26	1	1	19	0	0	19	0	0	0	17	2	36	4	0	0	0	0	5	16	1	0	0	0	0	4	0	0	0	73	14	0	0	2	0	0	11	49	1	0	52	0	1	0	6	1	5	0	0	0	8	53	Bacteria;Firmicutes;Clostridia;Clostridiales;Lachnospiraceae;;
OTU_73	0	31	88	1	0	27	0	0	0	31	0	1	0	0	9	0	62	5	2	0	343	28	6	62	45	0	6	24	0	0	0	37	31	2	0	42	0	0	0	4	0	0	0	0	13	124	18	17	5	0	78	0	6	0	0	0	0	16	0	1	0	0	25	31	1	Bacteria;Firmicutes;Clostridia;Clostridiales;Lachnospiraceae;;
OTU_80	0	34	8	7	106	22	16	1	9	0	0	0	3	4	0	0	157	1	0	2	178	1	0	3	2	6	14	3	0	2	1	10	19	5	8	0	16	12	11	19	2	4	10	11	0	0	2	4	6	6	6	44	7	5	16	7	9	0	0	53	0	14	0	8	29	Bacteria;Firmicutes;Clostridia;Clostridiales;Ruminococcaceae;;
OTU_424	0	24	0	4	19	3	3	3	0	9	0	0	22	0	0	0	4	0	0	2	6	1	0	0	0	1	4	0	0	4	23	1	37	1	25	0	1	20	0	1	10	0	0	1	0	0	1	1	0	70	83	3	0	2	0	3	3	0	0	21	0	80	0	1	0	Bacteria;Firmicutes;Clostridia;Clostridiales;Lachnospiraceae;;
OTU_27	0	19	23	7	2	2	0	9	6	51	36	0	555	6	0	1	1	0	10	19	36	97	2	444	2	0	0	5	1	77	14	3	47	5	715	0	1	0	51	0	2	67	1	18	162	1	0	0	0	1	335	0	1	32	527	1	0	0	0	9	3	1	0	13	0	Bacteria;Firmicutes;Clostridia;Clostridiales;Lachnospiraceae;;
OTU_156	0	21	22	8	7	14	4	5	2	7	1	0	14	0	2	7	7	10	5	8	9	1	0	4	5	20	7	9	1	34	6	4	13	11	13	0	6	5	7	2	1	2	15	9	3	0	7	4	2	1	20	2	3	6	9	6	10	5	1	33	11	4	1	5	7	Bacteria;Firmicutes;Clostridia;Clostridiales;Lachnospiraceae;;
OTU_96	0	13	3	2	14	6	15	5	11	7	4	0	8	7	5	18	14	90	1	24	3	7	10	14	3	39	9	20	2	42	2	4	20	5	10	2	4	7	58	4	6	1	66	7	3	3	6	55	14	3	2	3	2	48	19	0	6	1	6	3	18	10	0	7	22	Bacteria;Firmicutes;Clostridia;Clostridiales;Lachnospiraceae;;
OTU_58	0	51	107	19	44	9	25	1	1	113	2	0	8	204	0	0	4	1	17	5	16	139	0	88	8	0	2	3	4	0	4	15	75	79	6	0	80	121	20	18	67	17	4	43	35	3	7	0	3	19	156	22	112	2	5	13	42	0	16	170	2	0	0	5	15	Bacteria;Firmicutes;Clostridia;Clostridiales;Lachnospiraceae;;
OTU_355	0	18	34	1	5	5	0	13	6	10	5	0	2	8	1	5	6	3	0	36	35	11	0	3	3	4	9	3	0	15	4	3	20	0	4	0	15	0	1	0	0	1	14	3	1	6	1	5	3	1	15	6	3	17	39	2	3	0	0	14	3	14	0	8	4	Bacteria;Firmicutes;Clostridia;Clostridiales;Lachnospiraceae;;
OTU_166	0	31	50	19	0	8	0	0	0	2	0	3	0	0	2	7	27	2	21	2	26	12	0	0	0	0	8	2	0	0	0	21	2	22	0	2	0	0	6	15	0	0	0	1	0	28	1	0	0	0	0	0	5	0	0	0	0	3	0	40	0	0	0	47	0	Bacteria;Firmicutes;Clostridia;Clostridiales;;;
OTU_384	0	11	13	1	24	4	4	2	1	3	2	0	7	5	1	14	14	2	2	9	5	8	0	0	0	8	0	7	0	3	1	8	7	1	19	1	0	2	5	7	3	1	32	2	1	11	5	3	3	1	22	7	4	11	6	2	1	2	2	24	15	1	1	4	5	Bacteria;Firmicutes;Clostridia;Clostridiales;Ruminococcaceae;;
OTU_455	0	10	7	6	4	10	2	0	0	13	2	0	2	1	0	1	1	0	1	0	13	2	2	0	3	0	8	10	0	0	0	3	5	3	4	1	7	5	14	3	1	4	14	5	1	3	0	3	2	4	7	5	8	7	3	0	2	1	2	32	4	0	0	2	3	Bacteria;Firmicutes;Clostridia;Clostridiales;;;
OTU_150	0	10	7	1	8	2	0	4	7	4	7	1	6	0	1	36	5	6	1	4	0	4	1	4	8	4	5	4	0	13	1	0	17	1	7	2	4	6	7	2	2	1	10	1	3	6	5	8	3	2	0	8	0	35	25	2	2	2	1	6	11	2	0	1	3	Bacteria;Firmicutes;Clostridia;Clostridiales;Lachnospiraceae;;
OTU_44	0	39	18	20	468	107	329	0	0	120	0	0	91	0	0	0	86	3	1	0	95	0	1	0	9	0	48	26	0	0	2	36	0	188	44	0	269	117	1	182	210	147	1	256	0	75	0	1	0	0	13	249	89	0	2	32	75	0	0	21	0	0	0	113	0	Bacteria;Firmicutes;Clostridia;Clostridiales;;;
OTU_161	0	8	1	1	1	9	11	6	3	4	0	0	10	1	0	0	2	2	0	4	7	5	2	5	0	0	0	2	2	1	5	4	0	4	13	0	1	4	1	1	5	5	25	11	0	11	1	4	0	3	9	2	1	33	2	5	3	1	4	7	2	1	0	5	2	Bacteria;Firmicutes;Clostridia;Clostridiales;Lachnospiraceae;;
OTU_108	0	9	0	4	20	18	105	0	0	177	0	0	38	0	0	0	49	0	1	0	0	0	0	0	0	0	0	15	0	0	0	14	0	4	85	0	23	0	35	13	1	22	49	5	0	0	0	0	0	0	0	15	30	0	0	0	13	0	0	13	18	0	0	1	0	Bacteria;Firmicutes;Clostridia;Clostridiales;Lachnospiraceae;;
OTU_183	0	22	36	16	9	7	5	2	35	11	1	1	20	8	1	1	32	2	2	5	28	12	2	6	13	14	9	25	0	4	1	3	27	12	37	0	8	2	19	12	2	1	24	20	13	9	3	5	7	3	6	6	6	11	13	9	8	2	5	31	1	3	0	16	12	Bacteria;Firmicutes;Clostridia;Clostridiales;Ruminococcaceae;Oscillibacter;
OTU_143	0	9	6	4	17	6	4	0	38	8	0	0	8	6	1	14	8	0	0	1	14	2	0	9	8	0	1	11	0	2	1	5	7	0	9	1	14	4	1	1	6	2	2	6	0	3	3	0	1	1	28	5	4	3	0	1	0	0	1	8	5	2	1	0	0	Bacteria;Firmicutes;Clostridia;Clostridiales;Lachnospiraceae;;
OTU_230	0	10	2	2	1	0	1	0	0	3	5	1	3	1	1	15	8	0	1	14	0	4	1	1	32	15	5	3	0	3	1	0	18	3	4	0	3	2	1	0	0	0	3	1	5	2	13	5	3	0	25	0	2	5	6	1	0	4	12	5	2	1	0	8	14	Bacteria;Firmicutes;Clostridia;Clostridiales;Lachnospiraceae;;
OTU_220	0	16	14	2	4	2	1	0	0	6	2	2	5	2	0	0	4	0	4	1	0	2	0	1	2	0	0	0	0	0	2	0	9	0	1	4	0	0	1	3	2	1	1	2	0	6	41	0	0	0	9	0	0	0	4	0	0	0	0	2	0	0	2	1	0	Bacteria;Firmicutes;Clostridia;Clostridiales;Lachnospiraceae;;
OTU_158	0	2	0	1	0	0	1	0	7	1	0	0	1	0	7	32	0	46	2	1	0	0	0	0	7	0	0	76	0	0	0	0	0	0	3	4	0	0	1	0	0	0	16	1	0	0	35	0	0	0	211	0	0	11	0	1	0	0	0	1	23	0	3	4	0	Bacteria;Firmicutes;Clostridia;Clostridiales;Lachnospiraceae;;
OTU_938	0	24	26	0	139	26	1	0	0	26	0	0	0	0	2	4	111	6	0	22	0	1	27	60	53	0	3	39	0	0	0	14	13	0	0	1	14	2	2	24	0	0	0	25	65	1	131	32	1	0	19	0	10	0	0	0	0	0	0	3	14	0	2	5	57	Bacteria;Firmicutes;Clostridia;Clostridiales;Lachnospiraceae;;
OTU_182	0	1	0	0	0	4	0	0	0	1	0	9	0	0	5	0	1	0	3	1	0	2	0	0	0	6	31	2	0	0	0	8	0	1	0	0	0	0	7	0	0	0	0	9	16	0	9	4	4	0	2	0	0	0	0	0	0	1	0	4	3	0	0	3	25	Bacteria;Firmicutes;;;;;
OTU_120	0	8	15	0	18	5	0	0	50	12	0	3	4	13	4	0	33	39	1	2	23	0	1	2	16	4	4	1	5	0	1	0	16	0	18	2	5	4	21	2	3	0	2	3	26	0	1	43	7	0	4	0	2	26	0	1	0	0	1	6	17	3	0	10	13	Bacteria;Firmicutes;Clostridia;Clostridiales;Ruminococcaceae;;
OTU_505	0	18	1	5	35	21	43	0	7	12	9	15	0	0	1	0	13	1	13	0	6	14	1	0	2	1	3	0	0	0	4	11	0	4	3	0	29	39	11	24	38	26	0	12	8	0	0	0	0	2	3	14	15	1	5	23	9	13	0	5	0	2	1	19	4	Bacteria;Bacteroidetes;Bacteroidia;Bacteroidales;Porphyromonadaceae;;
OTU_118	0	10	4	13	105	5	13	0	0	7	0	0	0	0	0	0	12	1	66	34	241	0	21	33	4	0	2	7	0	0	0	8	78	0	0	0	25	84	1	4	0	0	0	6	13	0	14	3	0	1	155	0	84	0	0	0	0	0	0	16	0	0	0	1	6	Bacteria;Firmicutes;Clostridia;Clostridiales;Lachnospiraceae;;
OTU_200	0	1	0	6	13	3	8	0	5	9	0	0	2	0	0	0	13	0	0	0	4	0	1	1	0	0	1	0	0	3	0	3	2	7	9	0	3	9	1	7	2	0	0	5	6	0	2	0	0	7	11	6	2	0	0	0	0	0	1	33	0	5	0	4	1	Bacteria;Firmicutes;Clostridia;Clostridiales;Lachnospiraceae;;
OTU_404	0	9	10	0	4	4	2	9	2	6	1	0	3	17	1	5	12	0	4	61	12	7	3	6	7	15	0	0	0	46	2	1	5	3	7	0	6	6	13	3	1	1	0	13	1	0	1	1	0	1	5	4	1	2	1	1	4	0	1	7	0	19	0	14	0	Bacteria;Firmicutes;Clostridia;Clostridiales;Lachnospiraceae;Clostridium XlVa;
OTU_177	0	3	0	2	0	0	0	0	0	4	0	0	0	0	0	0	2	4	0	0	0	0	7	0	0	0	0	5	0	0	0	6	0	1	0	1	0	0	0	15	0	0	0	1	43	0	0	0	0	0	0	0	2	0	0	0	0	0	0	17	7	0	2	0	0	Bacteria;Firmicutes;;;;;
OTU_547	0	4	8	3	7	1	1	9	0	8	0	0	1	4	1	4	11	1	0	10	4	4	1	2	3	6	2	6	2	28	0	5	0	3	9	0	2	0	1	1	1	1	16	3	3	0	3	5	2	7	1	1	0	31	2	2	1	0	0	5	0	9	0	1	4	Bacteria;Firmicutes;Clostridia;Clostridiales;Lachnospiraceae;;
OTU_233	0	6	0	4	0	3	0	0	0	6	0	2	0	0	0	0	3	9	0	0	0	8	0	22	0	0	0	1	0	0	0	3	14	8	0	0	0	0	13	2	0	0	0	7	10	1	0	0	10	0	0	0	20	0	0	0	0	0	0	6	0	0	0	0	5	Bacteria;;;;;;
OTU_154	0	1	1	25	0	0	0	6	0	0	0	0	10	0	1	6	2	6	0	26	0	1	2	28	2	1	17	6	0	0	0	6	1	4	2	0	2	2	0	2	0	0	11	16	102	1	3	12	6	0	5	0	0	5	6	2	4	0	0	2	5	203	4	0	1	Bacteria;Firmicutes;Clostridia;Clostridiales;;;
OTU_444	0	3	1	2	1	0	0	0	0	1	1	0	1	0	0	5	0	1	8	0	2	23	6	1	0	1	0	1	1	1	0	0	1	1	5	0	0	7	0	0	0	0	2	2	0	0	7	1	0	2	9	2	0	1	0	1	1	0	0	0	12	0	0	2	0	Bacteria;Firmicutes;Clostridia;Clostridiales;Ruminococcaceae;Butyricicoccus;
OTU_274	0	2	0	0	0	1	0	1	0	0	0	0	1	0	3	51	1	0	0	0	0	0	0	0	0	1	0	0	0	0	0	0	0	0	2	3	0	0	0	0	0	0	0	0	0	2	1	0	0	0	1	0	0	1	0	0	0	0	1	1	0	0	1	1	0	Bacteria;Firmicutes;Clostridia;Clostridiales;Lachnospiraceae;;
OTU_210	0	5	5	0	9	2	2	6	12	1	0	0	9	11	0	0	11	3	0	0	5	1	4	9	0	3	0	2	1	8	4	3	37	0	8	1	1	6	6	3	1	1	1	2	5	0	0	0	0	6	11	2	2	10	0	0	5	3	6	10	1	5	0	6	0	Bacteria;Firmicutes;Clostridia;Clostridiales;Lachnospiraceae;;
OTU_76	0	1	1	0	0	41	1	0	0	9	2	0	0	2	0	0	26	42	0	62	11	0	27	207	38	0	1	65	0	0	0	6	34	5	1	9	0	0	208	2	0	0	1	19	89	0	0	0	0	2	10	0	0	0	1	0	1	73	0	0	26	0	3	65	1	Bacteria;Bacteroidetes;Bacteroidia;Bacteroidales;Rikenellaceae;Alistipes;
OTU_682	0	1	0	3	13	0	1	0	3	0	0	0	0	0	0	0	0	1	0	0	4	0	1	0	0	0	0	1	0	0	1	1	2	0	1	0	1	4	25	2	0	0	0	0	1	0	0	1	0	20	5	3	1	0	0	0	1	0	1	1	0	3	0	1	1	Bacteria;Firmicutes;Clostridia;Clostridiales;Ruminococcaceae;;
OTU_128	0	0	91	0	19	0	4	0	1	19	4	0	30	3	0	0	1	1	13	9	39	10	1	1	13	0	0	0	1	0	0	1	0	3	22	0	5	11	13	1	1	8	5	15	0	34	0	0	0	0	4	0	5	8	46	0	0	1	3	9	0	5	2	7	0	Bacteria;Firmicutes;Clostridia;Clostridiales;Lachnospiraceae;;
OTU_188	0	0	13	0	0	0	0	0	0	0	0	0	0	0	1	28	2	1	4	7	1	13	0	8	2	0	2	3	0	0	0	1	16	0	0	0	0	0	10	0	0	0	0	15	0	0	2	1	0	0	8	0	4	0	0	0	0	1	0	0	0	0	0	15	12	Bacteria;Firmicutes;Clostridia;Clostridiales;Lachnospiraceae;;
OTU_199	0	0	13	0	1	1	0	0	0	1	0	0	0	0	3	24	0	6	1	4	7	0	1	1	0	2	1	25	0	0	0	0	3	0	0	1	0	0	1	2	0	0	0	5	4	10	1	4	1	0	4	0	5	0	0	0	0	2	0	1	3	0	0	3	5	Bacteria;Firmicutes;Clostridia;Clostridiales;Lachnospiraceae;;
OTU_192	0	0	17	0	10	0	1	0	0	1	0	0	1	0	0	0	0	0	6	0	0	29	11	0	0	0	0	0	0	0	0	52	0	0	5	0	0	0	0	0	0	0	0	8	1	0	0	0	0	0	1	0	1	0	0	0	6	0	3	2	0	22	0	1	0	Bacteria;Firmicutes;Clostridia;Clostridiales;Lachnospiraceae;;
OTU_318	0	0	5	0	0	0	0	0	0	0	0	0	0	0	1	3	2	0	4	3	14	1	1	26	0	1	0	3	0	0	0	3	7	0	0	1	0	0	0	1	0	0	0	14	42	0	3	1	0	0	18	0	4	0	0	0	0	3	0	0	0	1	0	6	22	Bacteria;Firmicutes;Clostridia;Clostridiales;Lachnospiraceae;;
OTU_1567	0	0	1	0	0	1	1	0	1	2	0	0	1	0	0	2	0	0	0	3	4	1	0	0	1	2	0	0	0	22	0	0	0	0	2	0	0	0	0	0	2	1	0	0	0	4	0	0	0	0	0	0	0	0	1	1	0	5	0	2	0	3	0	0	0	Bacteria;Firmicutes;Clostridia;Clostridiales;Lachnospiraceae;;
OTU_371	0	0	4	1	0	0	0	1	0	2	0	0	3	0	2	0	0	0	0	4	4	1	0	0	1	1	0	0	0	24	0	0	0	0	2	0	0	0	0	0	1	1	2	0	0	16	0	2	0	0	1	0	0	0	1	0	0	1	0	0	0	0	0	0	0	Bacteria;Firmicutes;Clostridia;Clostridiales;Lachnospiraceae;;
OTU_131	0	0	1	0	0	0	0	0	0	93	0	0	0	0	0	0	1	0	0	2	1	0	91	0	27	1	0	9	0	0	0	1	0	0	0	7	0	0	0	25	0	0	0	0	1	0	23	0	0	0	0	0	6	0	0	0	0	0	0	0	0	0	4	12	0	Bacteria;Firmicutes;;;;;
OTU_203	0	0	0	5	0	10	0	0	0	13	0	0	0	0	0	0	3	4	10	1	5	3	12	37	16	0	0	5	0	0	0	2	19	2	0	6	0	0	35	17	0	0	0	5	14	11	0	0	0	0	0	0	9	0	0	0	0	53	0	0	1	0	0	44	0	Bacteria;Proteobacteria;Deltaproteobacteria;;;;
OTU_175	0	0	0	1	0	1	0	0	0	17	1	0	1	1	0	32	0	5	0	17	7	0	1	1	8	6	0	4	0	9	0	3	2	1	4	0	0	0	1	0	0	0	14	17	0	0	0	9	0	3	28	1	10	0	1	0	1	1	6	8	0	2	0	4	1	Bacteria;Firmicutes;Clostridia;Clostridiales;Lachnospiraceae;Eisenbergiella;
OTU_255	0	0	0	1	8	8	3	3	8	0	0	0	0	2	0	0	0	1	0	0	1	0	5	0	0	0	0	3	0	0	0	0	0	0	0	1	5	6	7	6	12	8	0	0	17	0	0	15	113	4	0	0	0	3	0	4	14	3	1	0	2	1	0	1	4	Bacteria;Firmicutes;Erysipelotrichia;Erysipelotrichales;Erysipelotrichaceae;Allobaculum;
OTU_130	0	0	0	0	73	0	13	0	0	0	0	0	1	0	0	0	0	0	0	0	0	0	0	0	0	9	0	0	0	0	0	0	1	0	5	0	2	89	64	0	0	0	1	0	0	0	0	0	5	0	0	0	0	0	0	0	0	0	0	0	0	0	0	0	50	Bacteria;Firmicutes;Clostridia;Clostridiales;Ruminococcaceae;;
OTU_144	0	0	0	0	13	1	2	0	0	0	47	17	46	0	2	38	0	0	0	0	0	0	2	4	0	3	2	0	0	0	4	0	0	0	32	0	1	1	0	0	4	0	2	0	0	0	11	5	0	0	0	2	0	0	7	2	2	0	2	0	0	0	0	0	0	Bacteria;Firmicutes;Clostridia;Clostridiales;Lachnospiraceae;;
OTU_107	0	0	0	0	1	0	0	0	0	2	0	0	0	0	0	0	0	0	0	0	0	0	0	0	0	0	0	0	0	0	0	0	0	0	0	0	0	0	0	0	0	0	0	0	822	0	0	464	371	0	0	0	0	0	0	0	0	0	0	0	0	0	0	0	0	Bacteria;Firmicutes;Clostridia;Clostridiales;Lachnospiraceae;;
OTU_256	0	0	0	0	0	0	7	0	0	3	0	0	0	1	3	0	0	0	1	0	1	7	0	3	0	1	0	3	4	2	1	2	3	1	6	0	0	1	1	1	0	0	2	3	2	0	1	0	0	1	0	1	0	0	6	0	0	0	0	1	0	0	0	0	0	Bacteria;Firmicutes;Clostridia;Clostridiales;Ruminococcaceae;Faecalibacterium;
OTU_351	0	0	0	0	0	0	0	0	1	0	0	0	0	0	0	0	0	0	0	4	0	0	0	1	0	0	0	0	0	0	0	0	0	0	0	0	0	0	3	0	0	1	0	0	32	0	0	0	0	0	0	0	0	0	0	0	0	0	0	0	0	0	0	0	1	Bacteria;Firmicutes;Clostridia;Clostridiales;Ruminococcaceae;Flavonifractor;
OTU_289	0	0	0	0	0	0	0	0	0	0	0	0	0	0	0	0	0	0	0	1	0	0	0	0	0	0	0	0	0	0	0	0	0	0	0	13	0	0	0	0	0	0	0	0	0	0	0	0	0	0	0	0	0	0	0	0	0	0	0	0	0	0	7	0	0	Bacteria;Firmicutes;Bacilli;Bacillales;Bacillaceae 2;Oceanobacillus;
