	Richness	Shannon.effective	Simpson.effective	OTU_1	OTU_5	OTU_4	OTU_2	OTU_41	OTU_31	OTU_39	OTU_23	OTU_9	OTU_20	OTU_17	OTU_12	OTU_10	OTU_19	OTU_11	OTU_57	OTU_54	OTU_46	OTU_14	OTU_30	OTU_15	OTU_69	OTU_16	OTU_67	OTU_33	OTU_18	OTU_6	OTU_26	OTU_24	OTU_101	OTU_538	OTU_43	OTU_62	OTU_25	OTU_64	OTU_29	OTU_13	OTU_7	OTU_92	OTU_8	OTU_32	OTU_28	OTU_68	OTU_397	OTU_93	OTU_88	OTU_51	OTU_36	OTU_34	OTU_3	OTU_22	OTU_44
OTU_1	62	62	62	62	58	51	62	48	35	31	45	59	48	34	35	61	40	33	53	19	25	39	40	30	44	34	44	52	52	37	40	33	20	33	49	21	28	24	34	43	30	20	32	24	40	22	17	22	20	20	23	26	32	19	20
OTU_5	61	61	61	58	61	51	61	46	35	29	43	58	48	33	35	61	40	31	51	21	25	37	40	27	45	34	42	52	53	36	39	31	21	32	49	24	29	23	32	43	29	20	30	23	39	21	18	21	20	18	21	26	30	21	20
OTU_4	54	54	54	51	51	54	54	42	36	30	41	52	42	28	34	54	35	28	45	22	20	31	36	27	40	30	36	45	46	33	34	28	19	26	42	21	27	21	29	37	25	18	27	20	36	18	18	16	19	13	17	18	25	16	15
OTU_2	65	65	65	62	61	54	65	49	38	32	47	62	49	35	38	64	41	34	54	22	26	40	42	31	46	37	45	54	54	40	42	35	21	34	52	24	30	25	35	45	31	21	34	25	43	23	20	22	23	20	23	26	34	21	21
OTU_41	49	49	49	48	46	42	49	49	28	24	35	46	42	30	29	49	35	29	43	17	22	31	35	26	38	27	37	45	42	30	35	25	16	27	42	16	22	23	23	33	26	20	23	15	30	17	14	21	16	14	17	22	24	15	20
OTU_31	38	38	38	35	35	36	38	28	38	32	32	37	28	18	28	38	23	18	32	22	9	16	26	19	28	21	23	29	33	19	23	15	13	10	27	20	20	12	22	23	16	14	16	14	24	12	12	3	15	10	5	2	11	6	4
OTU_39	32	32	32	31	29	30	32	24	32	32	27	31	24	13	25	32	21	17	27	19	6	13	22	16	23	16	19	24	28	14	19	9	12	7	21	16	17	9	19	18	14	12	13	12	21	12	9	1	11	8	5	0	7	3	2
OTU_23	47	47	47	45	43	41	47	35	32	27	47	45	35	25	30	46	27	22	40	17	17	29	29	21	33	29	32	37	40	31	31	24	17	24	36	21	19	19	30	32	19	14	27	17	32	12	14	14	13	13	15	14	23	12	13
OTU_9	62	62	62	59	58	52	62	46	37	31	45	62	46	34	36	61	38	31	51	22	24	38	40	30	43	34	42	51	52	38	40	33	19	32	50	23	29	23	34	43	30	19	33	25	42	23	20	20	22	19	23	24	32	19	19
OTU_20	49	49	49	48	48	42	49	42	28	24	35	46	49	26	27	49	33	27	43	17	23	33	33	23	39	27	38	46	44	30	33	25	18	29	39	17	22	21	22	33	24	17	24	18	31	16	13	20	15	14	19	23	25	18	18
OTU_17	35	35	35	34	33	28	35	30	18	13	25	34	26	35	19	35	19	21	29	10	16	25	20	19	23	22	31	29	28	22	23	22	7	21	31	11	11	19	20	27	17	13	19	13	24	9	11	17	12	13	16	18	21	14	15
OTU_12	38	38	38	35	35	34	38	29	28	25	30	36	27	19	38	37	27	20	32	18	13	21	27	16	29	24	25	29	29	24	28	17	12	16	32	20	18	12	20	26	20	14	20	12	26	12	13	6	12	6	10	7	15	9	9
OTU_10	64	64	64	61	61	54	64	49	38	32	46	61	49	35	37	64	41	33	54	22	25	39	42	30	46	36	44	54	54	39	41	34	21	33	51	24	30	25	34	45	31	21	33	24	42	22	20	22	22	19	22	26	33	21	20
OTU_19	41	41	41	40	40	35	41	35	23	21	27	38	33	19	27	41	41	22	35	13	19	27	35	16	32	26	27	37	36	26	28	16	16	24	34	15	19	15	17	25	18	19	16	11	25	15	9	15	15	10	12	18	17	12	16
OTU_11	34	34	34	33	31	28	34	29	18	17	22	31	27	21	20	33	22	34	28	11	15	23	18	17	25	16	28	29	28	20	22	18	11	20	29	9	15	16	18	22	19	14	18	15	26	13	10	14	14	9	16	16	20	10	13
OTU_57	54	54	54	53	51	45	54	43	32	27	40	51	43	29	32	54	35	28	54	19	23	34	37	24	43	29	40	47	46	33	37	27	15	29	45	19	24	22	27	36	29	19	27	18	33	18	15	19	16	15	16	22	28	18	16
OTU_54	22	22	22	19	21	22	22	17	22	19	17	22	17	10	18	22	13	11	19	22	7	10	15	9	18	10	13	18	20	10	14	7	8	6	18	11	13	7	9	11	12	6	9	8	13	9	7	0	6	3	0	0	3	3	2
OTU_46	26	26	26	25	25	20	26	22	9	6	17	24	23	16	13	25	19	15	23	7	26	24	19	10	20	16	21	25	21	21	22	17	7	22	25	5	5	18	12	16	14	12	15	7	15	8	6	16	9	9	12	17	16	11	15
OTU_14	40	40	40	39	37	31	40	31	16	13	29	38	33	25	21	39	27	23	34	10	24	40	27	16	29	26	33	35	33	32	31	26	13	34	37	10	11	21	21	27	19	13	26	14	29	10	11	20	10	12	19	24	26	17	19
OTU_30	42	42	42	40	40	36	42	35	26	22	29	40	33	20	27	42	35	18	37	15	19	27	42	18	32	25	27	38	37	27	32	20	12	24	35	16	17	18	19	26	21	16	19	10	25	14	13	15	13	13	11	16	19	14	15
OTU_15	31	31	31	30	27	27	31	26	19	16	21	30	23	19	16	30	16	17	24	9	10	16	18	31	20	15	20	26	25	17	16	21	10	14	21	12	15	10	21	25	14	9	16	16	24	13	13	11	16	12	13	12	15	9	11
OTU_69	46	46	46	44	45	40	46	38	28	23	33	43	39	23	29	46	32	25	43	18	20	29	32	20	46	26	34	43	42	30	32	21	17	26	41	18	21	20	20	31	24	17	20	12	29	15	10	16	13	9	12	20	23	15	15
OTU_16	37	37	37	34	34	30	37	27	21	16	29	34	27	22	24	36	26	16	29	10	16	26	25	15	26	37	30	30	29	32	25	21	13	22	33	17	14	17	21	26	9	12	23	11	26	10	12	15	13	10	12	16	22	16	16
OTU_67	45	45	45	44	42	36	45	37	23	19	32	42	38	31	25	44	27	28	40	13	21	33	27	20	34	30	45	38	38	31	32	26	13	28	41	13	14	24	24	31	18	16	25	15	31	13	10	21	14	13	19	23	28	19	19
OTU_33	54	54	54	52	52	45	54	45	29	24	37	51	46	29	29	54	37	29	47	18	25	35	38	26	43	30	38	54	48	34	38	29	18	32	46	19	24	23	26	37	29	19	26	18	35	19	16	22	18	17	20	26	29	19	20
OTU_18	54	54	54	52	53	46	54	42	33	28	40	52	44	28	29	54	36	28	46	20	21	33	37	25	42	29	38	48	54	31	36	26	20	29	42	21	26	21	28	36	26	19	25	20	34	18	15	18	18	17	18	22	24	16	17
OTU_6	40	40	40	37	36	33	40	30	19	14	31	38	30	22	24	39	26	20	33	10	21	32	27	17	30	32	31	34	31	40	30	26	13	29	37	14	13	21	21	28	17	12	28	13	30	11	13	20	12	10	16	21	27	18	19
OTU_26	42	42	42	40	39	34	42	35	23	19	31	40	33	23	28	41	28	22	37	14	22	31	32	16	32	25	32	38	36	30	42	24	11	26	40	14	13	18	22	27	26	17	23	12	26	15	13	18	10	13	16	18	22	14	17
OTU_24	35	35	35	33	31	28	35	25	15	9	24	33	25	22	17	34	16	18	27	7	17	26	20	21	21	21	26	29	26	26	24	35	10	24	31	10	13	15	22	29	16	9	28	19	26	12	15	16	14	13	19	20	27	17	15
OTU_101	21	21	21	20	21	19	21	16	13	12	17	19	18	7	12	21	16	11	15	8	7	13	12	10	17	13	13	18	20	13	11	10	21	10	14	14	14	4	9	15	7	3	10	12	15	10	8	5	8	4	7	8	9	5	5
OTU_538	34	34	34	33	32	26	34	27	10	7	24	32	29	21	16	33	24	20	29	6	22	34	24	14	26	22	28	32	29	29	26	24	10	34	32	7	9	18	17	24	17	12	23	12	25	9	10	20	10	11	18	24	24	16	19
OTU_43	52	52	52	49	49	42	52	42	27	21	36	50	39	31	32	51	34	29	45	18	25	37	35	21	41	33	41	46	42	37	40	31	14	32	52	17	20	24	27	35	26	18	29	17	35	18	14	21	15	14	19	25	31	21	21
OTU_62	24	24	24	21	24	21	24	16	20	16	21	23	17	11	20	24	15	9	19	11	5	10	16	12	18	17	13	19	21	14	14	10	14	7	17	24	16	4	15	19	10	4	13	10	16	8	12	1	9	6	4	2	8	6	3
OTU_25	30	30	30	28	29	27	30	22	20	17	19	29	22	11	18	30	19	15	24	13	5	11	17	15	21	14	14	24	26	13	13	13	14	9	20	16	30	3	14	22	17	7	12	17	17	16	13	4	14	11	7	8	12	6	4
OTU_64	25	25	25	24	23	21	25	23	12	9	19	23	21	19	12	25	15	16	22	7	18	21	18	10	20	17	24	23	21	21	18	15	4	18	24	4	3	25	13	15	10	11	14	3	16	2	4	16	7	7	10	15	17	11	13
OTU_29	35	35	35	34	32	29	35	23	22	19	30	34	22	20	20	34	17	18	27	9	12	21	19	21	20	21	24	26	28	21	22	22	9	17	27	15	14	13	35	29	14	11	22	16	27	12	10	10	14	14	14	12	18	11	11
OTU_13	45	45	45	43	43	37	45	33	23	18	32	43	33	27	26	45	25	22	36	11	16	27	26	25	31	26	31	37	36	28	27	29	15	24	35	19	22	15	29	45	21	12	27	20	32	17	17	16	15	15	18	21	26	17	15
OTU_7	31	31	31	30	29	25	31	26	16	14	19	30	24	17	20	31	18	19	29	12	14	19	21	14	24	9	18	29	26	17	26	16	7	17	26	10	17	10	14	21	31	11	15	12	19	14	11	11	9	12	12	13	16	8	10
OTU_92	21	21	21	20	20	18	21	20	14	12	14	19	17	13	14	21	19	14	19	6	12	13	16	9	17	12	16	19	19	12	17	9	3	12	18	4	7	11	11	12	11	21	6	3	10	5	1	8	10	6	5	9	7	6	9
OTU_8	34	34	34	32	30	27	34	23	16	13	27	33	24	19	20	33	16	18	27	9	15	26	19	16	20	23	25	26	25	28	23	28	10	23	29	13	12	14	22	27	15	6	34	17	28	10	14	13	10	10	18	16	24	15	13
OTU_32	25	25	25	24	23	20	25	15	14	12	17	25	18	13	12	24	11	15	18	8	7	14	10	16	12	11	15	18	20	13	12	19	12	12	17	10	17	3	16	20	12	3	17	25	18	14	11	6	12	12	13	9	13	8	5
OTU_28	43	43	43	40	39	36	43	30	24	21	32	42	31	24	26	42	25	26	33	13	15	29	25	24	29	26	31	35	34	30	26	26	15	25	35	16	17	16	27	32	19	10	28	18	43	14	16	16	17	12	23	19	28	15	16
OTU_68	23	23	23	22	21	18	23	17	12	12	12	23	16	9	12	22	15	13	18	9	8	10	14	13	15	10	13	19	18	11	15	12	10	9	18	8	16	2	12	17	14	5	10	14	14	23	9	7	11	8	8	9	12	7	8
OTU_397	20	20	20	17	18	18	20	14	12	9	14	20	13	11	13	20	9	10	15	7	6	11	13	13	10	12	10	16	15	13	13	15	8	10	14	12	13	4	10	17	11	1	14	11	16	9	20	6	9	7	10	6	13	5	4
OTU_93	22	22	22	22	21	16	22	21	3	1	14	20	20	17	6	22	15	14	19	0	16	20	15	11	16	15	21	22	18	20	18	16	5	20	21	1	4	16	10	16	11	8	13	6	16	7	6	22	6	8	14	21	19	13	17
OTU_88	23	23	23	20	20	19	23	16	15	11	13	22	15	12	12	22	15	14	16	6	9	10	13	16	13	13	14	18	18	12	10	14	8	10	15	9	14	7	14	15	9	10	10	12	17	11	9	6	23	11	10	8	13	6	6
OTU_51	20	20	20	20	18	13	20	14	10	8	13	19	14	13	6	19	10	9	15	3	9	12	13	12	9	10	13	17	17	10	13	13	4	11	14	6	11	7	14	15	12	6	10	12	12	8	7	8	11	20	10	9	11	6	7
OTU_36	23	23	23	23	21	17	23	17	5	5	15	23	19	16	10	22	12	16	16	0	12	19	11	13	12	12	19	20	18	16	16	19	7	18	19	4	7	10	14	18	12	5	18	13	23	8	10	14	10	10	23	17	21	9	12
OTU_34	26	26	26	26	26	18	26	22	2	0	14	24	23	18	7	26	18	16	22	0	17	24	16	12	20	16	23	26	22	21	18	20	8	24	25	2	8	15	12	21	13	9	16	9	19	9	6	21	8	9	17	26	23	16	18
OTU_3	34	34	34	32	30	25	34	24	11	7	23	32	25	21	15	33	17	20	28	3	16	26	19	15	23	22	28	29	24	27	22	27	9	24	31	8	12	17	18	26	16	7	24	13	28	12	13	19	13	11	21	23	34	18	17
OTU_22	21	21	21	19	21	16	21	15	6	3	12	19	18	14	9	21	12	10	18	3	11	17	14	9	15	16	19	19	16	18	14	17	5	16	21	6	6	11	11	17	8	6	15	8	15	7	5	13	6	6	9	16	18	21	13
OTU_44	21	21	21	20	20	15	21	20	4	2	13	19	18	15	9	20	16	13	16	2	15	19	15	11	15	16	19	20	17	19	17	15	5	19	21	3	4	13	11	15	10	9	13	5	16	8	4	17	6	7	12	18	17	13	21
